-1.284582519497461828e+00,-3.928514614576786301e-01
-1.237146540878241829e+00,3.149742893126709631e-01
-1.318223224851845288e+00,2.608562292946772776e-01
-1.027146079727015326e+00,-4.880556811840892073e-01
1.166286093917445754e-01,7.201737968516949140e-01
4.387108092197049558e-01,4.859138649572471436e-01
-8.471398369565434905e-01,2.326344918255429939e-01
-9.193183857144449078e-02,-9.518042877717274308e-01
-6.220282167715600607e-01,-7.038961728022838926e-01
-1.019987804209761428e+00,8.816295651913421683e-01
-2.015935166254125832e-01,-9.011744415561154797e-01
-8.638030755538093075e-01,8.283311363239143077e-01
6.329214197511707773e-01,-5.378185143703479998e-01
-9.146108581736602794e-01,5.966267362501246341e-01
-7.450440396324720105e-01,3.873596978520419953e-01
4.339212982741420532e-01,-1.009645346763875740e+00
5.724713124488527427e-01,-5.010454775348782697e-01
1.027635128972621548e+00,-4.264625712537412072e-01
-9.415640999680952028e-01,6.963540828650022219e-01
1.233907907825381400e+00,-1.736509697632781790e-01
5.291320668557988327e-01,-1.280529417155892746e+00
-9.345000222136152779e-01,2.439923383418924896e-01
1.078612772539379705e+00,6.531246018071484860e-01
-8.997975597635479161e-01,-2.432190499785664151e-01
1.037886958297790763e+00,2.122052307572287744e-01
3.139525490081300774e-01,-2.242875258418854101e-01
-1.462856544210344723e-01,3.762420449049135307e-01
-9.880800771858844200e-02,-1.932167104971658014e-02
-5.620482946613787334e-01,-7.516991456866283228e-01
7.432177913455970675e-01,1.135177990931410585e+00
-2.740416327724037870e-01,-8.556845551397228578e-01
6.052189095258508900e-01,1.968905667957961958e-01
2.378551727921149883e-01,1.014957620402208160e+00
-2.457582486613345552e-01,-6.060049191843051505e-03
2.924870328539563857e-01,1.256394408351374503e+00
4.832064917559790729e-01,1.150283964401106890e-01
2.544580622020049532e-01,4.885116010093298322e-01
-1.776662484043889378e-02,1.328646829798318052e+00
-4.615113774858410345e-01,-8.536869285420733977e-01
-3.434082506977063076e-01,7.313185831995543396e-01
-1.247164341327762216e+00,-3.226808919460722458e-01
8.047244228788317244e-01,-3.964007058924257643e-01
-1.365324135464978106e-01,3.767698452188013025e-01
-1.095281271133670575e+00,-7.726955241217049741e-02
-1.369189586781594858e+00,3.204333280430415876e-01
9.815968876039451452e-01,4.447825368665109247e-01
6.091356353291539349e-01,3.605809396151562485e-01
4.819897052486261657e-01,4.044673685447980338e-01
-1.408614697888833422e+00,-1.020472734437145451e-01
-1.218417723235904582e+00,-1.255113824781189935e-01
-7.364548460156421505e-01,-1.179422412468167890e-02
-1.048640729725593523e+00,6.197478135507513697e-01
2.916619537245823679e-02,-9.696352330198165781e-02
1.175125119738976931e+00,-4.765158820511064541e-01
-3.053274007780522048e-01,6.538270563631165544e-01
-8.573916100438321308e-01,-1.103400945595255783e-01
-5.337697553376474779e-01,3.972088146080083315e-01
6.970214582598956987e-01,-5.357944484966388199e-01
-4.328319794651624974e-01,4.040512163403408019e-01
-1.236570900385507876e+00,-4.163519435949711855e-01
1.166849364649421794e+00,1.213131249671633854e-01
8.528395603674137071e-01,6.982399307664810539e-01
5.174243814924897045e-01,8.157674132073331474e-01
-9.615391655425331585e-01,5.257596743965177177e-01
-1.040835899453594227e+00,-5.003693798621701161e-01
1.151493021377901993e+00,5.209162050141166178e-01
-1.729832774299113751e-01,5.547326400461003448e-01
3.391880167025469461e-01,5.785326734926142800e-01
1.162260316755138412e+00,3.153811188046599101e-01
3.453615576563153766e-01,-1.135450196251794885e+00
-8.502955626734864936e-02,2.973211992187312913e-01
-4.473375974253865905e-01,2.072352729646102787e-01
-1.372475914630351568e+00,-2.107573589180780360e-01
1.206006007927659773e+00,-5.330917340259352377e-01
-1.265005411567031501e+00,1.953210866933048906e-01
2.252951198374395503e-01,4.571056519259564244e-01
7.849695950582815662e-01,8.868900254952422069e-01
2.692055298405411357e-01,4.123587773487873975e-01
4.255689971297136331e-01,4.151488531250178970e-02
2.982117778656956375e-01,6.193950510198088788e-03
1.310515484262966712e+00,1.495116579777997223e-01
7.902620152718564661e-01,5.696008773575689244e-02
3.716414053608176893e-01,-7.514296512093232572e-01
5.747047743421478394e-01,1.203661932219826092e+00
3.396331503364646842e-01,1.234779552323006957e+00
7.022845232618077915e-01,-7.242196042605012485e-01
2.965761911446569421e-01,1.372012604643233713e+00
-9.395513787389742077e-02,3.016879780738066993e-02
1.216073335723359516e+00,-6.324108645449597610e-01
1.197186195839261558e+00,5.607489333715914848e-01
-5.818960913413122604e-01,-1.033631278583204027e+00
1.327218122577507486e+00,-3.667078669826158710e-01
5.513612259508011704e-01,-1.054868335461399687e+00
7.253877911900485920e-01,8.450336419909396102e-02
4.592033323888138341e-01,-1.122145227373159582e+00
-6.486259526361508598e-01,3.377196836102709376e-01
-5.037428152763099298e-01,-7.442854103931330068e-01
8.012098496992163810e-01,1.004118784720966051e+00
2.191697745905605288e-01,-8.082170822939026555e-01
8.153258138262944321e-01,4.573671993887863940e-01
2.349518253125530975e-01,-6.160650020139722960e-01
-1.437156258888050431e-02,8.340547281537428193e-01
-9.278034471092104774e-01,7.728050029919553143e-01
-8.703822754112526816e-01,3.867400744956233094e-01
-4.973461284928681891e-02,-4.120419595546706559e-01
-6.544350504663922763e-01,3.819025468098746767e-01
-1.205049264709719736e+00,1.642790888880621691e-01
-3.091585322499854627e-01,-6.027799252806181896e-01
3.125991970818615684e-01,-1.888526638052832329e-01
2.908765787911988809e-01,-8.487763563218028162e-01
-8.485699801707657919e-01,6.593350020813469881e-01
1.096120709621566380e+00,6.716034490124438427e-01
-1.127864056649402702e+00,7.350148688162400079e-01
2.157389463953505171e-01,1.060348512726175363e+00
-1.242207836701395784e+00,3.157786225544862990e-01
-2.109677468361037533e-01,3.610242327061277678e-02
1.319951644243976041e+00,-7.221386936393746347e-02
6.480595072154082814e-02,9.313606514869814390e-01
-8.699880686967604859e-01,8.650314973651404005e-01
1.087069070437274743e+00,-4.087225169112549544e-02
1.255691741885427426e+00,-4.052055479731416776e-01
-7.965489193537558243e-01,-7.325760142764830007e-01
-1.141654190595484231e+00,2.907102689085062086e-01
-1.255140101570423550e+00,-6.047765461394287723e-01
-1.208751248495869568e-01,1.098641234502727659e+00
8.837293179920466812e-01,3.940133845229486509e-01
-9.418839402068654998e-01,-9.769448184917750577e-01
-7.404533778263235888e-01,5.538539391167527359e-01
-1.788163678034258020e-01,-5.787644044876782967e-01
1.024933007640467686e+00,2.136804698126543722e-01
-1.205618381730602096e-01,2.786852159531379436e-01
-5.931515620280549683e-01,-1.266942846752618090e-01
-2.230197087731204952e-01,9.253725331715546565e-01
1.284290910617919224e+00,5.914247128327240061e-02
-1.599634003180527841e-01,-1.188636216995559991e+00
2.604496219699772297e-01,2.941787422604896785e-01
1.030303385338730671e+00,-6.645004493695387815e-01
9.102204812486318630e-01,-9.683086515973355901e-01
7.727531279238277762e-01,-1.407441728720823237e-01
-4.196370105837181619e-01,4.405220893072283594e-01
-4.198078263784088549e-02,1.008765317256575950e-01
1.153555861188082510e+00,-6.589362142299386438e-01
4.490375693536341473e-01,1.875390267323648608e-01
-8.592278921604061814e-01,-6.073256651754841418e-01
1.174397271457971570e+00,3.540957574589575496e-01
-1.097429295952133899e+00,1.988086941996652368e-01
-1.337893517203986082e+00,2.377512561225512272e-02
3.609222848720512467e-01,8.642718153305626316e-01
-1.347713108399116511e+00,2.728760783472313212e-01
-4.941314602238069398e-01,-3.655255380005033028e-01
-4.337402313138571941e-02,5.017128459890110026e-01
-1.181759169317273983e+00,-3.487042962034685445e-01
-3.893957647093060359e-01,3.347398953303573621e-01
-7.870440454006377706e-02,7.889821839388693192e-01
1.356243736311234738e+00,-3.198790107198566934e-01
-2.908689556278480914e-01,-7.904799831116100517e-01
-1.278608184247977508e+00,3.943148454599237906e-01
1.806916323300646887e-01,3.624144218825256503e-01
1.357134434832491632e+00,-1.576537911707724671e-02
2.016334510397710389e-02,8.954712419353367814e-01
1.341147708324644583e+00,8.757462169580723654e-02
-7.028438181378580119e-01,-1.121041145763215008e+00
-1.218952560280001762e+00,-4.777719995236497930e-01
1.328419818024069166e+00,4.788485859203899797e-01
-8.077484425235463839e-01,-6.409092878104555302e-02
-8.876491387433009805e-01,-8.027290456272889729e-01
-1.212092215354260372e+00,2.567026010259229052e-01
1.144958132903786563e+00,-2.391261697093819971e-01
1.049106814664099829e+00,-9.157419917281779675e-02
8.200344319531405191e-01,-6.060711923156274494e-01
1.182192533770394682e+00,4.069575655142912973e-01
1.152483078358517155e-01,1.050733830040855077e+00
-1.003593144436558671e+00,-5.744098171219588211e-01
-6.298732142613552298e-01,3.733872836622745273e-01
-7.262283536231208814e-01,6.352977184042789549e-01
-1.360390680177408829e+00,2.018357970400712909e-01
8.211078390192492193e-01,5.486263015991211800e-01
7.271603238344637177e-01,8.048141116708729115e-01
-1.146899478306750986e+00,1.185115712552011272e-02
6.165307202915033535e-01,-1.498571794455283435e-02
6.026266387773913102e-01,5.952693991426752929e-01
3.973829467188978448e-01,-1.025851281780376434e+00
2.383630164652226213e-01,1.377966723504797208e+00
1.866383964787443617e-01,9.592637403424051357e-01
-7.361563862745383879e-01,-3.761617162719413932e-01
8.187400362970480572e-01,9.930840964740448307e-01
1.143351401446990323e-02,-1.222581130579157183e+00
-4.684333164377898484e-01,5.836969053455068335e-02
3.110860596933053834e-01,1.058684443408603598e-01
-2.600927591813739781e-02,1.315289934431015162e+00
4.819974040196406406e-03,-6.444835490122924337e-03
-6.982206873867236041e-02,1.170035885041919244e+00
-1.177684035736312307e+00,-4.920684169945770958e-01
7.781934546055482294e-01,-9.122656037066096957e-01
-1.387191795953307771e+00,8.021754520862166282e-02
-1.826592331843919226e-01,-1.686281648405455608e-02
-3.166585397975558713e-01,-1.347200591902901756e+00
-4.757694290715202001e-01,4.011561463364446412e-01
-4.245025584566146648e-01,3.122903058816270949e-01
-9.799574696079780267e-01,-9.022486574922358171e-01
1.344230742055932737e+00,1.772341044650772857e-01
-7.981220920252765083e-01,-6.162430285609388214e-01
-4.157269579307252272e-01,-8.967764261023649652e-01
1.209102697834131490e+00,-1.139658046594965030e-01
6.663452340591722312e-01,7.267022070313149118e-02
5.503313718140798727e-01,-4.347620442879948088e-01
-1.633449346953503856e-01,-8.880496152018251266e-01
1.124075985540624600e-01,1.149168545118576912e+00
-5.285217701028832593e-01,-3.529932039320950454e-01
4.821638029625319177e-02,2.035448040302664796e-01
-1.043026954195517941e+00,9.285314898509984260e-01
-1.582387489449526008e-01,-4.821381316440060405e-01
1.191248709542398032e+00,-6.626492776977892518e-01
-8.728609629497094957e-01,-7.564217376702916384e-01
1.354706388966371300e-01,1.048290374446278372e+00
6.053387603696749331e-01,-1.051266251445688971e+00
4.558384628555041118e-01,-2.580773258747240950e-01
-7.076522331880426009e-01,-9.927530690940528091e-01
1.202778574030335168e+00,2.485947383410174460e-01
-5.906565757667969763e-01,2.004745747258743216e-01
1.326036280623053010e+00,-2.752589730794287592e-01
-2.159324714841019954e-01,1.279598661714558827e-01
3.788119323262320037e-01,-2.111075537788938972e-01
-1.252765385559208244e+00,2.820934672220856143e-01
8.946632184729086390e-02,1.622133564582041720e-01
9.668611347081026430e-01,-7.747703813235573556e-01
-3.041223270064654649e-01,1.098864536409773107e+00
1.894826155926656597e-01,1.181930312101467484e+00
-7.668788616164938787e-01,4.092160885978702312e-01
3.346072763379024373e-01,-2.813317616113808484e-01
-7.534499289090761387e-01,-3.362865133209654855e-01
1.350646304714877566e+00,-2.830849516872466776e-01
1.046878668520592637e+00,8.992551829851953560e-01
3.981473165050113394e-01,1.635135337243117937e-01
1.279208439577127265e+00,2.464999018347505677e-01
4.180616863458559429e-01,-4.538985403821916287e-01
4.253516659353593354e-01,7.012777496519700948e-01
-3.693504934411859786e-01,9.617229302197307650e-01
-1.628066536050969404e-01,-1.001217994245268139e-02
-1.043989019152599784e+00,9.238482453048209031e-01
-2.862048241959747052e-01,1.327090871918905179e+00
-1.113117673595644508e+00,-5.733787073984625282e-01
-9.048198696171860789e-02,-2.794060363451763562e-01
9.241944603666691904e-01,-4.740336705798594563e-01
8.884899723306172170e-01,5.684156220062477338e-01
-1.038303243455702685e+00,3.254788510738786944e-01
6.299270617713714771e-01,-5.173932815574562305e-01
1.092281904730040054e+00,-1.894137753038050154e-01
-2.277486002524051756e-01,4.837193514309484806e-03
1.221136943480751746e+00,-4.389332830908505567e-01
5.095159150490791156e-01,2.599773991749131374e-01
1.149902686665347673e+00,-1.199160435990351131e-01
4.725747627338199308e-01,-7.425793397127851136e-01
-4.310036675340280787e-01,-9.442288430934788757e-01
3.380815496644786755e-01,1.186436436044105758e+00
-3.721679569631421991e-01,1.222547297670525834e+00
1.207110155446800004e+00,7.019629325845501144e-01
1.282065678899919181e+00,4.595619302919772171e-03
2.442830396685473637e-01,-5.112889826856910069e-01
6.252690458881127178e-01,5.283669267256566604e-01
6.527829707251204816e-01,7.732835190192451080e-02
1.083311666324155986e-01,-1.002346626631236193e+00
1.030499499960275678e-01,1.915539329933384494e-01
-5.637423882747341075e-01,-5.508408163999385376e-01
5.602158069851777000e-01,1.859341222742953992e-01
1.248034879095068828e+00,-3.420889124184016417e-02
-1.405961748359827457e+00,-1.495714985204057157e-01
7.088559728383008185e-01,9.188206418590104396e-03
-1.305335747721723560e+00,-4.806721172631505355e-03
1.453128282455775633e-01,7.404989493733883377e-01
5.577063812351727989e-01,-1.225886495030915402e+00
9.661241825318089838e-01,1.008682427078396060e+00
9.583451087850090033e-01,7.057097053461987013e-01
-7.486986972642619698e-01,9.259441531648111567e-01
-5.318881869870026868e-01,1.365296567479623024e-01
6.709227784868052602e-01,-4.924673128438465386e-01
2.467329944700296096e-01,-7.321200037439078434e-01
1.515730624720141861e-01,8.789194172159190410e-01
-1.007146594300922349e+00,5.865811608899783591e-01
-1.605527749773454360e-01,-5.744448480873133311e-01
7.108141033217765248e-01,2.124790877602517336e-01
-1.144782305334894001e+00,4.727083862981583118e-01
2.423123745641841964e-02,-1.164648608816315711e+00
1.384207575881652996e+00,2.351464548521072992e-02
-9.145111156693230825e-02,7.791456328668255882e-01
3.337068639110856161e-01,8.401365761617027861e-01
6.699647322967261509e-01,7.830358897315103928e-01
-3.347571911878222117e-01,1.344072348175450848e+00
1.943562892664858488e-01,4.506861492510508826e-01
6.727443353019468830e-01,1.771398280220482999e-02
1.032874134156816393e+00,7.559453710698150752e-01
5.599890952329431570e-01,2.153661219127359083e-01
1.372811547300724744e+00,-7.603517374392870787e-02
4.324758167117130903e-01,-6.185674750596358296e-01
-7.098947890676643446e-01,6.562587366505530095e-01
-4.460953454827887299e-02,-6.498025873213241210e-01
-1.384068018515343557e+00,-1.363789651401852154e-01
9.577112187034151347e-01,-7.530066413055166441e-01
1.133381120061507374e+00,1.589798289263149311e-01
-3.771285868485350079e-01,-6.775882316580227327e-01
-8.191671754792562155e-01,-5.998101759310067727e-02
-3.823080377306742328e-01,-1.127481772384753000e+00
-5.518183911524978669e-01,1.923353742856953874e-01
4.482242787519283844e-01,7.650626384193889851e-02
1.264801417457187327e+00,5.158598447676885357e-01
5.488835136754386390e-01,7.368107467674475108e-01
-2.655812894759281839e-01,1.348420486914552630e+00
4.197258699803141369e-02,2.216182917676650932e-01
1.101122252230523735e+00,8.216835516056375521e-01
-5.607022318138223937e-01,9.866344687159387394e-01
9.833039688382396726e-01,8.219566427699810385e-01
-8.087853630196994992e-01,5.455162948526804945e-01
8.755689861223743264e-01,5.158333355080080285e-01
9.323492140052049848e-01,-5.319966341801369430e-02
-9.968171694826950535e-01,-4.750664543758221781e-01
4.498774135870373669e-01,-1.304957454587043264e+00
8.067782956167652841e-01,8.083254153507664075e-01
-5.036389837818457949e-01,-7.121938595786019288e-01
-4.946040591331546388e-01,1.319879331504999476e+00
9.581997177110368469e-01,-3.005594774235555433e-01
-8.636289824696974371e-01,-2.727853616593689523e-01
-3.771872070585438053e-01,-5.297588185766194391e-01
-1.392289610235274644e+00,1.122458930856000542e-01
-9.759138856113964700e-01,-4.873385136321153888e-01
1.210087778157625138e+00,-4.575585062366704925e-01
-2.841973567902926767e-01,-7.717005140767395632e-01
-9.073954043038225947e-01,6.754775415886569156e-01
-9.156850505913483040e-01,-1.593637967661189203e-01
4.021405029133777731e-01,1.087873412329208728e-01
1.136467162517604379e+00,8.008259095705121400e-01
-1.352734553313807098e+00,1.145424872060888111e-01
9.290233465800867840e-01,-8.763140435525506033e-01
2.524761764971565903e-01,6.507111360389956634e-01
-8.728873216307335703e-01,-2.188938734551117704e-01
-9.374897408999345316e-01,3.485871267000748563e-01
4.089273150182979322e-01,-2.264995139212138131e-01
-3.280090332641676376e-01,1.224625663515590990e+00
1.152679587541265427e-01,8.938195910917524634e-01
1.253673118009784204e+00,-3.776593731806768828e-01
-3.629961235115359841e-01,8.650465644555928035e-01
7.107539706198964247e-01,-2.647410779859999397e-01
-4.389825890955028065e-01,-8.669186423748086456e-01
-9.495052007711621833e-01,4.912625499394899370e-02
-1.182559469100440186e+00,-2.429214565313790042e-01
-1.260722426110781669e+00,-7.604169525460911794e-02
-6.585701997620563297e-01,-1.749519026579718917e-01
1.116778110639912391e+00,-8.263068562428078634e-01
-3.282184645929087097e-02,-3.663579224403363810e-01
1.344852296467898611e+00,-2.773678088339621151e-01
-6.345572107608745682e-01,-7.194396031626018040e-01
9.266711178736373178e-01,7.793331538122615365e-01
8.595865338916293119e-01,-2.939969765614723896e-01
1.937996551949550117e-01,1.485117598013398765e-01
1.132941029018565970e-01,1.136853571185548306e+00
-8.528025909509748814e-01,-7.432987100773569278e-01
5.736757071712044187e-01,-9.898284786909431476e-01
-1.082686840841072140e+00,-9.036955299700892841e-01
9.350876641522054555e-02,-7.675166952722092262e-01
1.221522633723178153e+00,-4.494295172607414290e-01
1.153477909184355443e+00,-5.391029388693493324e-02
1.201549433977675108e+00,6.587434951603796107e-02
-1.866795234519527114e-01,8.117153292669344600e-01
1.872391724098947385e-01,-4.871649447398224142e-01
1.171108653853859316e+00,3.160607683890273578e-01
-9.567275991959411918e-01,7.428659799883472470e-01
9.627553180928307697e-01,-1.030825321098595593e+00
-2.254720785787647230e-01,-5.226765880416988086e-01
3.415888853258421953e-01,1.187156216465018455e+00
-1.149016472390184784e+00,3.904197171513775211e-01
2.391129275975347745e-01,1.513939503624388005e-01
-9.749619316048314666e-01,-1.265906234612136361e-01
-6.355868529685886337e-01,1.044961845019454438e+00
1.137698222635941114e-01,1.391331357092114640e+00
1.377528300194660549e+00,1.681825164988940691e-01
7.878606661778597697e-01,9.754649075577882522e-01
1.200314833056263186e+00,6.048578183417110399e-01
-1.112994968514402494e-01,-1.143330821215189141e+00
-2.369344826226904566e-01,-8.475032875859406234e-01
-1.135810890192858302e+00,-2.766612184183018242e-01
-1.115606487500573785e+00,2.187235742333379085e-01
1.433983034702444037e-01,9.887863946180065478e-01
1.202212522414364049e+00,1.965644558101922734e-01
5.551988190365206854e-01,-8.274701097529609806e-01
8.431352245110179666e-01,-1.086557835907697056e+00
3.426825311838510579e-01,-4.791246204840834411e-01
5.062872613555278178e-01,-3.476532830363528448e-01
1.163925338035852519e+00,8.459413178743691031e-02
-8.624448993777944494e-02,-1.397550342121705036e+00
1.238755297210007544e+00,-6.145567833711821359e-01
1.365054404761894880e+00,3.585135044887979294e-01
1.340143079106941304e+00,1.295653636315778623e-01
3.094083358940822315e-01,-3.966263418075384739e-01
-3.623219316349017838e-01,-3.586628278381316925e-01
-4.376263824356509957e-01,-1.311570335401639920e+00
-1.287650738944407180e+00,2.978891215502292855e-01
-4.508038440929196256e-02,1.718940664872363189e-01
-1.178864931961730811e+00,-4.991291082016973135e-01
7.324860348228572349e-01,2.839486796842593530e-01
7.773104647695285863e-01,-3.400833129448155856e-01
-7.125759517331213821e-01,-7.787587906247110947e-01
1.409277995787471927e+00,-2.132454575824917556e-02
-3.365835980272189332e-01,-8.408793224698482005e-01
-7.027028119766671743e-01,3.656082660040880783e-01
3.207196141148838109e-03,-5.281275910507110538e-01
-6.361918148106355808e-01,-1.153328014796996870e+00
4.048822592316971836e-01,-9.756864001230899364e-01
-3.528525687932222432e-01,2.747015193735146202e-02
1.090291095741013017e+00,2.915872536471534326e-01
-1.158621024462450855e+00,6.277162373208409196e-01
-4.045929481940833128e-01,7.180793341469854374e-01
-5.023239377950461382e-01,-3.310350231743185989e-01
-1.114791996829432641e+00,5.233941367729717520e-01
-9.032079833228436883e-01,-3.533867438599095356e-01
-1.292580921267809657e-01,-7.498499165368107677e-01
-2.315094371309318610e-01,1.061816721815490583e+00
-1.409854916667753866e+00,5.086620219150133487e-02
3.275836554439095494e-01,2.519302841572407248e-01
8.023614815238171438e-01,-6.967345668255463531e-01
7.650977448453679663e-01,-3.349342700487520919e-01
4.760901808737418861e-01,8.665499861173268092e-01
-6.218155447156670235e-01,-7.377016825756275153e-01
4.165841616398360259e-01,9.447673076240562517e-01
1.253610732424296437e+00,-1.480115259234866254e-01
1.161424688145994200e+00,4.951782015694449202e-01
7.111168179632829656e-01,4.132343784238809437e-01
5.197086088815114913e-01,8.332815721124116060e-01
9.833480222970840678e-01,2.435804294172680962e-01
-1.382574971605493808e+00,-2.313284861549879667e-01
-8.175805781260159222e-02,1.050029352827798634e+00
-1.032061040609966618e+00,7.019722274035158360e-01
1.445955053469898388e-01,-8.520611682003289555e-01
-8.538041625313304017e-01,-9.943744946081448655e-01
5.585700120178564987e-01,5.248549995200435525e-01
-8.123872924815289664e-01,2.445359710203904025e-01
1.354059154153664846e+00,-1.462991884510986829e-01
5.376435182219680975e-01,-6.433858755006924834e-01
5.980192650581006575e-01,-1.781475448563660247e-01
-7.092143568988666935e-01,9.646450802427077031e-02
-4.696427084754954961e-01,1.114288719119814086e+00
-1.086395821318989263e+00,-8.621799413238361298e-01
3.528173223508939138e-01,9.564413142905476839e-01
9.129373698539162696e-01,-8.159757906044672326e-01
-1.351987408517684841e+00,6.129142477301432329e-02
-5.730972067653246071e-01,1.057149198537036705e+00
-4.700282616243622869e-02,1.032082114379832882e+00
9.842038780972308665e-01,7.404811234842621770e-02
2.540492020305857856e-01,4.885270144158014305e-01
5.824114200914785044e-01,-3.237506591426897451e-01
-6.115596058945986790e-01,1.086188490058854761e+00
1.166720233235487125e+00,-3.696091000007233895e-01
5.717689291707048760e-01,-7.283663322535622875e-01
-1.005853865855683704e+00,-9.645479214409096169e-01
-1.016009300995519560e-01,1.974123502222734639e-01
-7.466404093398644193e-01,6.426436315012679090e-01
-1.154674311742014403e-01,1.111727403130717606e+00
-2.620439358367043781e-01,-6.838501571291917269e-01
-6.939978358717704410e-01,-2.691169774611928966e-01
-3.965353161534856952e-02,-3.904353886709893695e-01
-2.300474563278331885e-01,6.506801108115753962e-01
1.409007173144036784e+00,-3.170530212767234263e-02
-1.961964976939887251e-01,6.952500681842485042e-01
-6.586715469411252855e-03,1.076628189898388988e-01
-9.968907917912326333e-01,-6.904999319608831621e-02
-1.189121301871840064e+00,2.212854507101947865e-01
2.001113541653922745e-01,-2.157651358784046514e-01
8.627578601025445160e-01,-9.861220657956731861e-01
6.697904296049550510e-03,-3.687230363744201100e-01
8.467075591321155947e-01,-5.060056753651953620e-01
-1.201512315601541925e+00,-3.321199619170849687e-02
-8.244177675378727699e-02,-3.620506221804630220e-01
-1.344122391632175617e+00,3.818177326008110883e-01
5.098368638693218102e-01,1.254113024639040175e+00
1.356952478140881713e+00,2.290156180658252938e-01
1.804017667182211682e-01,-9.201005614355924900e-01
6.037220241543654886e-01,-5.679248729502279769e-01
1.166663876234295572e+00,7.905592070242104530e-01
-3.900799275273745259e-01,9.496827101459807130e-01
-9.233482249473028425e-01,6.157305240128068125e-01
2.244388600517321919e-02,-9.957097473499745277e-01
-7.013234944168429408e-01,2.039939478639081760e-01
1.318869286158025123e+00,-2.729481298028180181e-01
8.539510881828293876e-02,-6.110709468178597836e-01
-9.350427238968146426e-01,2.682313176094016857e-02
-1.269199839002895125e+00,-5.246961084599224279e-01
-7.709430209249079624e-01,-3.096807618783313232e-01
-2.264645905862892050e-01,6.382137873002862172e-01
1.293133561475039439e+00,9.221784378964688333e-02
7.559296014097660610e-01,2.412431594087004194e-01
1.141131870682899230e+00,-9.464505661624618427e-02
-1.091468996932750457e+00,-6.247967016791662331e-01
8.406575500447890370e-01,-1.075555106996763710e+00
-1.099580946342868071e+00,7.559970946787674118e-01
-7.709869391645578496e-01,-5.443594965452936731e-03
-1.012953189779734586e+00,-3.077364268163034211e-01
-1.214628368996752084e+00,-3.192871205324357975e-01
9.852651968083696588e-01,3.602303430793089012e-01
1.635748136811407960e-01,-1.053281810404938845e+00
6.391435339478492850e-01,-5.221921134225764316e-01
7.445096674128031111e-01,-3.394333934464447977e-01
5.042451988373324312e-01,4.598547307129163819e-01
5.176123400043119993e-01,6.365498962262077232e-01
-2.549168196891975491e-01,-2.353324897403186455e-01
-1.587276385261224831e-01,1.247730299348620286e-01
4.303963811568194409e-01,-1.278209195698979617e+00
-6.583079788061994009e-01,6.094728212861288963e-01
6.450298838877528418e-01,4.059179218384726950e-01
-4.599767640271634761e-02,1.093740878274213901e-01
-3.718551542196859572e-01,-1.036098505094426692e+00
-9.940114475555645868e-01,-5.034775120060065445e-01
-1.709396420028808095e-01,-2.722212278836955712e-01
6.505397200562561544e-01,-1.196052894032993752e+00
-9.977851894367852914e-01,9.421956296900842187e-02
3.464017951905264958e-01,-4.410032406559573626e-01
-3.278617095738507459e-01,-7.700575565062147687e-01
-9.287784649970767248e-01,-3.137912373291678603e-01
1.169866674656084182e+00,-3.075002381367935023e-01
-8.861671580644610025e-01,4.848901603513792180e-01
7.823843214412162794e-02,-1.437442982265781100e-01
2.253972888275761477e-01,1.126295958080748560e+00
9.335117729639366146e-01,6.508664481149509795e-01
-2.165043549411733714e-01,-3.181496363445815434e-01
2.736498705726719827e-01,6.025153408748918915e-01
-1.334265933807550208e+00,6.675793463562103291e-02
2.270314289945742914e-01,-6.099590482964616367e-01
1.043563882020128730e+00,-6.369864709851901230e-01
-1.121070451592467432e+00,-1.026089229601045427e-01
1.014772709111520399e+00,-1.468172120187159410e-02
-1.298965313175610703e-01,-1.361189564724339940e+00
-1.576921208694548326e-01,-5.507729891498767127e-01
-1.224110859586197364e+00,-5.347293537083117609e-01
-6.449812163467765203e-01,6.504372816103650701e-01
9.085461822528131393e-01,-9.564964265909429164e-01
-6.100321259468839408e-01,3.126307463310406543e-01
-4.370828874237755457e-01,-3.202068882761093249e-01
-8.896336979112540178e-02,-1.179252995000036330e+00
6.432500288480955675e-01,1.022482632253630008e+00
1.747690706133995242e-01,1.069500749263589068e+00
1.250261484892187358e+00,-1.163173300276003630e-01
1.072571835881721558e+00,4.460557608055460560e-02
-4.412454791727649095e-01,-1.029371849533898375e+00
1.114798265702787283e+00,2.906699622318598131e-02
-1.221510488467991706e-01,-7.551198145870433856e-04
8.786424342769429963e-01,8.949583231803012184e-01
-1.269356021611200980e-01,-1.317357230503129140e+00
1.315730963271033005e+00,-4.593943917090640983e-01
6.122797735563825228e-01,1.249386315181854501e+00
9.509237128493608360e-01,1.922820180095167197e-01
1.188951714427280315e+00,-7.574405877371234164e-01
4.442991258808959287e-01,-6.904535959911234366e-01
-8.657118604153439811e-01,8.693556657343267657e-01
-2.248586891541952681e-01,-1.887572520794227326e-01
-4.662950074965750424e-01,-2.015150104948476018e-01
-3.860227643263045572e-01,2.900400636377586383e-01
1.357721257629306510e+00,3.228240929900144107e-01
-3.120022027148814381e-01,-9.489415180214292311e-01
9.451915504051884298e-01,-9.249423425578684466e-01
-8.527637635363571889e-03,-6.920658695220829881e-02
-8.323550105618098272e-01,-8.287048636486125108e-01
6.488332741357338840e-01,8.116026361301127423e-01
-1.015749816252680127e+00,4.277751785697218173e-02
-2.544130506653075052e-01,3.394309404917308370e-01
-8.835331169382452110e-01,7.911781812032353534e-01
1.327617334202443544e+00,-7.617246791534099115e-02
8.317854212820958715e-01,-4.896802902479200498e-02
2.638353629193184169e-01,-7.711531849921138271e-01
1.365488826788657573e+00,7.888019102476397093e-02
9.917886925578200952e-01,5.997494112378018993e-01
2.135935176113754608e-01,1.308494501488093542e+00
-1.018274978401427333e+00,-5.732566631056935647e-01
-4.837670592970773065e-01,-6.016243273425677524e-02
1.055684222772618419e+00,4.105692469663449473e-01
4.211734455557585299e-01,-2.207958669357017178e-01
-1.145712400943570408e-01,8.283393747760636749e-01
-5.155569025500370550e-01,9.353678246691073950e-01
-1.409281022541954087e+00,2.941864109623887422e-03
2.329523159685504829e-01,-1.184325708622407269e+00
2.139426167838185400e-01,-4.472387527109224492e-01
9.204922124250840554e-01,6.956462489168650787e-02
-1.144395846427649577e+00,-1.164557105997273689e-01
9.944658548194849068e-01,-1.259611998155811818e-01
-9.133227273906499022e-01,-9.138580027744470646e-01
7.719983105053129790e-02,-1.259019753452581547e+00
5.727541635404649334e-01,1.023965372063988966e+00
4.232701694581666452e-01,-1.188841893897091051e+00
-4.008998139323520782e-01,-1.144744621559821818e+00
-1.242071634986329887e+00,3.998778090103355387e-01
-1.417794244374053214e-01,-6.775409791297318796e-01
-6.495006799300773181e-01,-1.325137438664495682e-01
-1.051961098713593667e+00,-2.130579627105808893e-01
-3.156705786606206487e-03,-5.377291694715005121e-01
-3.618756613257381183e-01,-8.572583069895364227e-01
1.215289952984345057e+00,2.786916140646845674e-01
-1.335171096944016700e+00,5.859184733006662232e-02
-2.832565267123401398e-01,-2.831144654140043682e-01
-4.714360367950307662e-01,8.794552314091333978e-01
1.005560722742605329e+00,-6.621090221222751815e-01
-1.372465785365506896e+00,-3.501779155505648639e-02
-5.753434860239354798e-01,-1.095422999020392529e+00
6.501600234088673602e-01,-1.089923909977061012e+00
2.689736450140896018e-01,-9.059019116947295558e-01
1.137015138033614203e+00,7.571674282905322961e-01
5.214322330192504573e-01,-5.670629538461587904e-01
1.172056408734577282e+00,-8.350163020707122852e-02
-6.138017409953948622e-01,1.236547208901538797e+00
-8.932879475667929725e-01,-1.426582906602066325e-01
-1.334850052796944464e+00,-3.353240631339773903e-01
-4.209224102782371801e-01,-4.558698297262186450e-01
8.245673259050407822e-01,5.958361891691359435e-01
-1.300683092593374557e+00,-3.592345009551800028e-01
3.715122189150030785e-01,9.623062211457723558e-01
-3.004743937604787973e-01,-9.999716922646231243e-01
3.483161896272548574e-01,1.031221990561114410e+00
1.001503238268253160e+00,5.009446605416736364e-01
3.856420399713615943e-01,-2.866894169143843936e-03
-1.148904028333534111e+00,3.234929279541062241e-01
9.163575630600817590e-01,-9.600335144237805984e-01
-8.205539114612658835e-01,-1.069811820734183350e+00
5.621005461159089833e-02,-8.947518192666275016e-01
1.201362870650806602e+00,-1.055363649967002992e-01
1.157563780528305664e-01,7.103269861883632075e-01
-6.558004923305928990e-01,8.636098565041627761e-01
7.108272133825370709e-01,-4.538790657210267088e-01
9.662497050194596149e-01,-5.767506810107392301e-01
-6.624144779438765340e-01,-3.379376867118482480e-02
-3.144231026887669422e-01,7.068288348162630186e-01
-1.067013120035387619e+00,-9.242134971594393456e-01
-2.521333549034738830e-01,-9.942895536609444029e-01
-1.132708047718234745e+00,-1.829891727852148986e-01
-4.196774584404656672e-01,-7.664258684333669081e-01
6.843476572618629739e-01,-2.581233881875786840e-01
-4.168872865813826323e-01,4.812435593028522307e-01
-1.543521813715429403e-01,4.244808724328133498e-01
-4.253153384747978549e-01,-1.246806768386058195e+00
1.409154359865682604e+00,2.183314369914245850e-02
-1.290455644664700419e+00,4.531493364394107992e-01
-1.395422334891277316e+00,1.058344271904822081e-01
-3.080687380353404059e-01,-3.289192471082291180e-01
2.765989777970840890e-01,-4.356930204471447521e-01
2.316572268410284074e-01,1.091827234577925410e+00
1.051231951607613624e+00,-2.698603607576112728e-01
8.961997908229148990e-01,6.384822926069035898e-01
1.140589430757934064e+00,5.503687624982690485e-01
3.153238197595786829e-02,-5.862602977359077094e-01
5.338944251596084989e-01,-1.143720622279072036e-01
-1.344192514761002322e+00,3.647171665340834257e-01
-2.479433905277983463e-01,-1.106751522886809225e+00
3.997104206321817621e-01,-3.583516366229515526e-01
4.535309563600637972e-01,6.793361261170455245e-02
5.721164212841447494e-01,2.117602146583369427e-02
6.116696478618095512e-01,8.611747035961025976e-01
3.231103092462390691e-01,-1.228717779916400854e+00
9.421476651892621845e-01,-4.655479224688609530e-01
-8.740776575972897255e-01,-5.531844921507678148e-02
1.198107647746595283e+00,-6.057725136094082447e-02
-7.960668674121729183e-01,1.085376516677894143e+00
-3.436590452388443850e-02,5.727509852660150891e-01
1.216342846469436356e+00,5.484975221588738181e-01
-2.923478880695924431e-01,-7.955998022319048513e-01
-7.669002349819327158e-01,1.115965838239021263e-01
-9.171984771564862804e-01,1.678529448942845184e-02
4.121003788890442721e-01,9.734641236464587344e-01
-6.555196742686937306e-01,-3.087778193827109829e-01
-2.292457257797684278e-01,1.603212274958203398e-01
-1.334627271738696663e+00,5.709114168681398566e-02
9.149578944781322498e-01,-1.031913537817172211e+00
-9.165466576000969035e-01,3.392958869693770696e-01
5.756590560834737857e-01,5.542701024026041035e-01
-9.809724770389975923e-01,-6.019168036082211265e-02
6.619257707193950679e-01,-1.129782705498029838e+00
-9.301540142610509321e-01,4.812332253227710743e-01
-1.669943794846098228e-01,-1.317859741297527920e-01
1.925430665909928507e-01,5.074987158174524282e-01
1.183406519346749342e+00,6.865134468613283136e-01
8.666373424036604156e-01,6.898297317673226514e-01
7.476365406283824733e-01,5.940314945054974149e-01
-8.587967093817368003e-01,4.165276323968525873e-01
-9.133738093529211177e-01,8.102595461015623668e-01
-4.261109424568738646e-01,-2.650111464561899499e-01
4.669660686700392027e-01,1.021791828651735123e+00
1.089125545933411043e+00,4.120155022902994291e-01
-1.216010474875498737e+00,-1.949516845616497060e-02
6.608473870930282601e-01,-9.639205847589968901e-01
-4.479190102564931664e-01,-6.937649256447400159e-01
1.124011416117327133e+00,-5.937469746909408708e-02
1.134112322417943908e-01,-1.216830617390999958e+00
-1.149039576316866818e+00,-2.130883125885885410e-01
-1.389776277758061340e+00,2.291738210513448101e-02
-6.418520523387165611e-01,-8.620032473131052919e-01
-1.355699398017275570e+00,-4.731686169169565387e-02
7.385052736558925801e-01,-7.479614364482252142e-01
4.708662635106546368e-01,-5.447694139719219120e-01
-1.304913405919995828e+00,1.069152979589527291e-01
-1.077990472079449980e+00,5.836666764383569017e-01
8.852711726764805888e-01,8.814445250141035304e-01
-4.108235057754594521e-02,-1.236245267730914810e+00
-1.193622306303225855e+00,9.389887885010396451e-02
2.940338309063568190e-01,1.136079865232531461e+00
-1.303091616856419943e+00,9.283053018218502539e-02
1.171013088654680789e+00,-7.166892489782457076e-01
1.567376362126626788e-02,1.399141678506497177e+00
-8.362037509015500802e-01,-4.457741969822530681e-01
1.107934700363144120e+00,-8.682755825067425270e-01
-2.844022236112238033e-01,-1.125413960507631733e-01
-1.283836986672384217e+00,6.068043575595268024e-02
-1.352722225556092006e+00,3.726636230499904001e-01
1.991154258202056937e-01,5.089883457759331042e-01
9.639864342222899118e-01,-4.241288247037651796e-03
2.121732727887049919e+00,-1.509514013545485200e+00
2.920309967436060639e+00,-5.057434259365390927e-01
2.868238600975804964e+00,-5.666172419794383019e-01
4.642531393242048665e-01,-2.260933394287956144e+00
-3.944095372695457513e-01,-2.828511064791218832e+00
2.677013581138632858e+00,-9.848996058924575081e-01
-1.063823584364557373e+00,-2.652105988981773077e+00
2.777379022252019602e+00,-3.251112684566939137e-01
-2.296826038662863390e+00,1.187940827663873211e+00
2.768049078361720206e+00,-7.541956077794493840e-01
9.119444601677089146e-01,2.774048734722359466e+00
-2.823452900049469250e+00,-7.476265941696744743e-01
2.283033514447466494e+00,6.291315552763697694e-01
1.286009812138930286e+00,2.442096598915314498e+00
5.614817079554930146e-01,-2.930888560261281306e+00
3.062429677087195046e-01,2.635908345122818908e+00
-2.860955946221586998e+00,6.555839136705913228e-01
-2.015131174480165210e+00,1.331605565096704247e+00
2.482877061321044465e+00,-4.039143941410339722e-01
-1.884970727553787917e+00,1.576706345347598903e+00
2.059081406523503688e+00,1.667351905741087492e+00
-2.968303303416425010e+00,-9.678098654703656822e-02
-2.311559865464966279e+00,1.214772960896176146e+00
2.279483613060606650e+00,8.522023315324940285e-01
-8.420563473020594714e-01,-2.433717904994483039e+00
-1.928830994834535684e+00,-1.588830688035582028e+00
2.217692002845836008e+00,1.819866395422129912e+00
2.481505522409673148e+00,-8.963924040010882166e-01
2.261020807331464155e+00,1.576747134160422892e+00
-2.211679656960038987e+00,-1.534647806627617905e+00
-2.427699368733752472e+00,1.574892007464399279e+00
1.037930862309765168e+00,-2.758708739576663849e+00
2.278342607401382836e+00,1.091445691745224655e+00
-2.864387134227835308e+00,-2.342583295203563287e-01
2.350251074383370664e+00,-6.463138073925148719e-01
-2.247470305220616194e+00,-2.577958313704241111e-01
-2.156255275910963221e-01,2.957959648198897007e+00
1.968547349852356021e+00,-2.075756279384475711e+00
-1.139994262516759171e+00,-2.744370277237021316e+00
1.846098471492100934e+00,-1.750517961318319715e+00
2.395741096969278949e+00,-1.300099805785273732e+00
2.157108822177541185e+00,-1.691322947510883301e+00
-2.044325507136277142e+00,1.621975803811945394e+00
1.975842868007918973e+00,1.318349839199380646e+00
5.601965123064571728e-01,-2.617872729770135187e+00
1.121612157749130034e-02,2.918941099257619243e+00
2.708652148906242729e+00,6.170259614899249456e-01
-2.852415723431422911e+00,-6.210044616448363586e-01
-1.095463379304568718e-01,-2.845820831926283212e+00
-2.438360064072157218e+00,5.345619906891218021e-01
1.414981410035445641e+00,2.037786381420703563e+00
6.722654640157315065e-01,2.835309910989062931e+00
-1.306489440111300526e+00,-2.354304876563793503e+00
-2.108558554485206571e+00,9.808748230306481020e-01
2.334042963897711154e+00,9.728603926919866529e-01
1.907120643804433691e+00,1.196647193326352276e+00
-8.671412720480144998e-01,-2.513537901996140800e+00
-1.847953900607413047e-02,2.663975819324980510e+00
1.094602510426271103e+00,-2.432763001580188433e+00
-2.736805009368498354e+00,-7.364489609908416723e-01
2.353426072117072110e+00,-1.245103147259757126e+00
-1.081323640187914714e+00,-2.411470343446183939e+00
1.652200555210074029e+00,2.492222314733099076e+00
-2.756785989844528384e+00,7.674007673367904125e-01
-1.487421047464599910e+00,-2.317156184597149782e+00
6.060323663215481105e-01,-2.181331392069747466e+00
-3.890212122190064292e-01,-2.488072497300544139e+00
2.263841277891905257e+00,-1.026193491851657535e+00
-2.150504007128902551e+00,-1.369020511424439146e+00
-2.851553810708527426e+00,2.257933388580660172e-01
1.052372230610434833e+00,-2.558772856444144761e+00
-2.826031101574971061e+00,-6.855991017966857060e-01
2.597285105292811203e+00,-1.957256063865764895e-01
1.688364573561869086e+00,2.221130661464798095e+00
7.416301591711942365e-01,2.497227179415854259e+00
2.097744738284718302e+00,-1.384461691612269396e+00
-2.716817870814647318e+00,-1.245712125546908355e+00
2.905572961985236624e+00,-5.203021985725135856e-01
-2.389393395675510234e+00,4.668333828909360661e-01
2.732832412164397873e+00,2.045863062461990844e-01
-2.832299447130363745e+00,-6.786194650699556297e-01
-4.658109648789121593e-01,2.640221983733232580e+00
-2.961150184935792851e+00,-1.502008375618562042e-01
-2.325056489507725921e+00,2.664579262348755750e-01
2.045980192853563473e+00,-1.623492023683284824e+00
-2.881324893172187096e+00,4.337645532206214627e-01
-2.459068480236997090e+00,-6.515653187657752810e-01
2.980476836275729013e+00,-2.834484942587608969e-02
2.773864821669986824e+00,-7.051421991119855015e-01
4.690291313012342478e-01,2.846979666654380292e+00
2.077351991039897428e+00,-1.498652231392117118e+00
2.745055083054377398e+00,-2.861405287872940684e-01
2.211954999760259000e+00,-1.169190959653879647e+00
1.325931839540565704e+00,2.052000631669183228e+00
-1.372448036548193917e+00,2.404608365624627542e+00
-5.414868326532946696e-01,2.418889472697943965e+00
1.549748534879386241e+00,-2.433873223771360728e+00
-2.698031672209792120e+00,5.370807649247583138e-01
-2.114077463855939421e+00,-1.614220139223570660e+00
2.891141482815054786e+00,5.933606028732034687e-01
2.532654679382956076e+00,-1.399021374112324079e+00
-2.884751648008499814e+00,9.780760905340808720e-02
1.586935924055077329e+00,1.908326439797090712e+00
-2.336372589257119436e+00,-4.118352478762644930e-02
2.713562378081705972e+00,6.543747563410832191e-01
-2.310231479107407893e+00,-2.892637311042250969e-01
2.955145022017496181e+00,-4.163233923364694222e-01
-1.927745503079637102e+00,-1.178111366017730699e+00
1.754828872383282778e+00,-1.514353406721859807e+00
-2.475953739758621985e+00,-2.792278565881548547e-01
-2.955085965894192590e+00,-2.719303111342994406e-01
-3.949242125272336423e-01,2.204990003079943861e+00
-3.180344578434084468e-01,-2.978511021149648386e+00
2.853290445626160299e+00,-7.262718831904499961e-01
-1.755045732361354416e+00,-2.182238423157630614e+00
-2.013098962561425509e+00,1.563635586477178485e+00
1.305326666369475141e+00,-2.413614758967324025e+00
2.009392235651574765e-02,-2.742262241165809300e+00
2.855709767600801641e+00,7.834662855398798476e-01
-2.000503538760622924e+00,2.051597250157042751e+00
1.752569661115787270e+00,1.558140343547275153e+00
-2.348126991824429410e+00,3.259404151071365052e-01
2.772617599118973430e+00,-5.223651962247858327e-01
-9.281740993686167229e-01,2.147103630306018918e+00
2.309713731753827659e+00,-1.214004421388874322e+00
2.627209768605798246e+00,9.103199329221187686e-01
-3.134353494681771934e-01,-2.662366351313764756e+00
-2.409341051148757629e+00,1.041224140068548465e+00
-5.959539672743243699e-01,2.616477541227455905e+00
5.308817905337104293e-02,-2.760862164486908021e+00
-2.370474651804101995e+00,-1.124854495774004759e+00
1.354699361639880806e+00,2.552529053126178837e+00
-2.976092979508723424e+00,2.827087052139082846e-01
-2.589594460403255027e-01,2.470384252105691569e+00
-8.940570009646195970e-01,-2.107695608151305855e+00
2.925958637088060144e+00,9.873664749676010211e-02
1.087081315870918274e+00,-1.996067186878944577e+00
-2.531419787993871129e+00,-1.638608421361943679e-01
2.760885528788438847e+00,-1.030835566130221315e+00
-5.966334461582172288e-01,2.762185474332258917e+00
-2.362145149003541889e+00,-7.634438167472956671e-01
-2.889072368534691737e+00,7.680662350128740767e-01
-2.535525302755969435e+00,-6.753208697663882765e-01
2.196704797530864894e+00,-1.264727446951846135e+00
2.900137322802208040e+00,5.766042832369904225e-01
-7.338642142204201413e-01,2.159150274828043781e+00
2.673824092003007635e+00,1.108384574097913911e+00
-3.997768805705579354e-01,2.313979464413177922e+00
-7.171019739043522634e-01,2.377269569243790404e+00
2.317782087198025920e+00,-1.361396354077356596e+00
9.986416165574807380e-02,2.378216580189888685e+00
2.214312866879605934e+00,-1.063572883020184046e+00
-2.620817744604119870e+00,1.070000016592432601e+00
-2.309889066173567151e+00,1.313610268001766945e+00
-2.421078325870109182e+00,1.404585140661392284e+00
2.903381415037373792e+00,4.318828739004278994e-01
2.491286034811350802e+00,9.518161665485967982e-01
1.898315876661660795e+00,-1.185622079684756969e+00
2.988267679470198779e+00,1.034190910309583100e-01
1.409278705009047172e+00,-1.861512672468045970e+00
-2.361126714630583656e+00,8.446445510116291633e-01
1.851299620537730561e+00,1.947655648295982367e+00
7.029931439108314528e-01,2.632532104734720324e+00
-2.936597974737001238e+00,5.228673061362324459e-01
2.178260576423135753e+00,-1.267789256178503132e+00
-2.226763285911919965e+00,1.822100105495530142e+00
-2.812287938919888042e+00,8.595324165825536378e-01
-2.617573506839078412e+00,1.936750164606500513e-01
8.269934469312172354e-01,2.486096035347861832e+00
2.865088252577116634e+00,7.504462549229738988e-01
-1.816430766992709334e+00,-1.398546305493817421e+00
1.782984871528935145e+00,2.021819524758385889e+00
2.846822011752378145e+00,4.637594428198785201e-01
-2.694330969445967394e+00,-9.721674272650586701e-01
2.554661637153284204e+00,-3.378075230546421781e-01
-2.744135328949752761e+00,6.237994436726826963e-01
-2.925819149903738925e+00,-6.545562075669806301e-01
1.929896595677162097e+00,-1.637729803423027208e+00
2.107085506598991742e+00,1.594373476720594374e+00
6.267248177023052591e-01,-2.149771959362706930e+00
-2.380208240797994534e+00,1.804075235595571591e+00
2.233329385244812393e+00,5.652419143209596042e-01
9.790191125476965794e-01,2.245063391519028340e+00
1.873184292199060685e+00,-1.281574958201320724e+00
-1.353344670137129446e+00,2.563240943408885641e+00
6.865065973365793717e-01,2.389621008545666392e+00
1.976996863300318985e+00,-1.096119164920990263e+00
2.410147527710795323e+00,-2.943338584994790730e-01
2.822107212176069524e+00,-8.321950593556204367e-01
-2.455842810694084832e+00,-7.058444510304390240e-01
-2.704159248975109620e+00,-1.855441014298231384e-01
-1.641571391338569219e+00,2.087909132074510232e+00
-2.620936334446199112e+00,8.091254830652362395e-01
-2.769095156459944640e+00,-4.222581244842268378e-01
-6.073377991921109498e-01,2.291794786622119773e+00
2.762020739670984604e+00,8.499237507893888655e-01
9.044824788742955590e-01,-2.380799850181618105e+00
2.335981541593695532e+00,-7.755383643245028491e-01
-2.058496824906951517e+00,-1.905738005507095156e+00
2.137973052614686509e+00,-1.467865349435012456e+00
-2.865723936599549937e+00,-6.265464495035052428e-01
1.952997957959400566e+00,-2.136899174931273571e+00
-1.534482788368717987e+00,2.383443551701372343e+00
7.421144899485265789e-01,2.568157969004020824e+00
1.931087449035696402e+00,1.877869890768859129e+00
-4.243544732432376065e-01,2.611118221828636177e+00
-2.136110938382446367e+00,1.821134264432733296e+00
-2.080529285261524475e+00,1.198587268232290670e+00
-7.815688748800386776e-01,-2.124729427815761351e+00
-2.961529697530035143e+00,2.653940678970438394e-01
2.660293620478735299e+00,1.879958377624286470e-01
-2.996037478330738857e+00,1.446106519888117614e-01
-1.447890096445324737e+00,2.579207630731747969e+00
-5.991494544572049108e-01,-2.192160385583696858e+00
2.162307197512889800e+00,8.549528730907444141e-01
-1.235092160202386768e+00,-1.910858217712222418e+00
2.578113008749781443e+00,-1.441662885151053342e+00
-2.640887955506948437e+00,-1.397942479359522705e-01
2.045581858004648979e+00,-2.059031526522395961e+00
-1.814451979381722868e+00,1.887135906325037693e+00
1.996726759222147152e+00,-1.354526955952704670e+00
2.902297609947487089e+00,-1.099104626629665293e-01
1.995440035920480248e+00,-1.059482936669050579e+00
-5.736037676382625961e-01,2.622606647732789398e+00
-2.851661842129491031e+00,-8.537778370300512787e-01
-2.993163866375430970e+00,-6.476345784318061904e-02
1.238535078717690752e+00,-1.993941652390724295e+00
-2.555138108879621672e+00,-7.402444270506391977e-01
2.115654656759242691e+00,-1.179500621589451015e+00
2.992764596096686880e+00,5.889875375175925021e-02
-7.081955216095536798e-02,2.640022958180308965e+00
-2.889990576098253161e+00,3.978046674979480168e-01
-1.531536355097847357e+00,2.037979100872527205e+00
2.502502297763441241e+00,-1.619052924177469377e+00
6.130054530223949527e-01,2.887265994299736516e+00
2.357705409736300162e+00,8.931294412198736987e-01
-2.553947746347858150e+00,1.101434466548567581e+00
-2.244522060150591081e+00,1.600929961939163426e-01
-1.869920438925230854e+00,-1.284473673977174268e+00
2.174600436315669683e+00,6.453830447033087614e-01
-7.002187207266210578e-01,-2.729451615797780839e+00
2.122753203812835388e+00,-1.907605650475846515e+00
2.739118338705220701e+00,2.329362246223594668e-01
-2.229044746161284785e+00,-1.417256772141018750e+00
2.421328088186919913e+00,1.648214772439690945e+00
-2.312605676736297688e+00,-6.115435809615695772e-01
2.512231159363462751e+00,-5.121848279755605304e-01
2.973458522615163524e+00,3.151943634215423340e-01
2.332312905720394625e+00,-1.232549520686900164e-02
2.758939994001053719e+00,3.116972866022431066e-01
-9.128491784190377878e-01,2.772987451379852697e+00
-1.804574712747287313e+00,1.523137226220526053e+00
-2.888810566445860317e+00,-5.472825478801177645e-01
-8.121702816659781554e-01,2.084205370920884981e+00
-1.360331521669431387e+00,1.927752221513817865e+00
2.552955087814567925e-01,2.355365715539673221e+00
-2.115614692864857815e+00,-1.554722098880154446e+00
6.185061741767672316e-02,2.422510756519772546e+00
4.795461938128213752e-01,2.304951296053482590e+00
2.514820221320535509e+00,1.352258638616894215e+00
-2.733853934208457126e+00,1.091978059702757159e-01
-1.643681928241748968e+00,-1.921552311553703429e+00
2.226130886687829324e-01,2.917459857824329816e+00
-2.913045014028608826e+00,6.907750564869377108e-01
2.873394233883719728e+00,-4.253580942639855755e-01
2.900048100526070094e+00,4.076461785926720899e-02
1.555337021977035050e+00,2.429390213692086409e+00
-2.681136777736731869e+00,-7.919368007970510881e-01
-2.642787966010968770e+00,-3.088050592521338067e-01
-6.487657874602379415e-01,2.897320932909368096e+00
-6.736617586989166462e-01,-2.865314536594708805e+00
-2.874653361582601541e+00,4.346706704251481757e-01
-1.068959540898372529e+00,2.477005682001689468e+00
-2.991300666470428027e+00,3.274422244958386657e-02
-2.354404739401756430e+00,6.481685971275760183e-01
-7.780880013851456667e-01,-2.388939216800104237e+00
-5.589312941340485175e-01,-2.531023033884121531e+00
-1.469411901360471173e+00,2.139595357632626094e+00
2.343394250590467465e+00,-1.533517205716747045e-01
1.657772741128002991e+00,-2.197959862553184873e+00
2.555002604607063965e+00,1.579073253007977629e-01
-1.126168650374163915e+00,-2.548821161836293925e+00
-3.808006689231158148e-01,2.705700391162720653e+00
2.409633587766334628e+00,1.020088529995662352e+00
1.494150893826585502e+00,1.730356146470381606e+00
-2.216016784594009081e+00,-1.723778598836296361e+00
-6.659651604173495443e-01,2.351491638076117940e+00
2.737610981696784407e+00,-5.725241862807521898e-01
-2.632509977152654557e+00,1.942866628617467561e-01
-2.433901845255914687e+00,1.371594936597483549e+00
-1.483359011328275079e+00,-1.957015691181394512e+00
2.509391843105977848e+00,1.443979046350226669e+00
-2.934732117566841936e+00,-5.260916878699127830e-01
2.711340777028241611e+00,-5.291722766329423067e-01
1.844770288939878711e+00,2.162278224600520549e+00
-2.861285442143977953e+00,8.918400404512909496e-01
-2.875670800534608773e+00,-5.133025785169936794e-01
-8.403721412707358951e-01,2.762884818089763606e+00
-1.302022767679470228e+00,-1.897997242835859577e+00
2.541191406207040870e+00,1.344638425415240146e+00
2.477929746358506158e+00,2.996276945867483721e-01
-2.758976091052099733e+00,-5.387155743301913491e-01
-2.334451787148624113e+00,4.996476647711020069e-01
-2.537876885281843187e+00,1.142246905618431674e+00
2.597529666682736327e+00,7.066457429831104683e-03
-2.822044302630563717e+00,-6.463247274012710042e-01
2.924265487768653138e+00,-1.513728132292694595e-01
2.754325248286146888e+00,-7.495413373585815275e-01
-2.227492270321241641e+00,-1.289649804868116201e+00
1.981319629885830658e+00,1.115570011914331472e+00
2.087366759742047329e+00,1.999905482600085271e+00
1.351641043295046529e+00,-2.648006766543550050e+00
2.789616452029282989e+00,-9.958676292697773436e-01
-2.296389470947543643e+00,-4.542861701234589961e-02
2.441537908159367554e+00,-8.557593271278330915e-01
-1.611728885011323831e+00,-2.085204900647708914e+00
2.354884420886996566e+00,1.547681708688310565e+00
2.722028391626895250e+00,-2.077580711910908262e-01
1.717593441304134494e+00,-2.227808223902766560e+00
2.786483438634499876e+00,-5.920185018602935889e-01
1.998613105513597610e+00,1.126535564660130495e+00
6.469251399649103007e-01,-2.369333327883200724e+00
2.686939278106954987e+00,-1.059742119772236313e+00
2.650472337629126152e+00,4.654501979270457279e-01
-2.385368012669426996e+00,1.324133487477726190e+00
-2.470562231823842936e+00,1.153943384123884197e+00
-4.301454154546981989e-01,-2.589803350167675156e+00
-2.743231169706397576e+00,-1.116649836295338982e+00
1.221385133321410521e+00,-2.132556926267269226e+00
-2.668774120220204438e+00,-8.848441645039019088e-01
-2.913495214729397986e+00,-2.495421769228187980e-01
1.883179178224066774e+00,-1.675783616123195596e+00
2.865235568702877877e+00,7.170669791438379903e-01
2.862234933035104234e+00,-7.095985343171645754e-01
1.405770713475615885e+00,2.268931401875329712e+00
1.006672571256771676e+00,-2.164445760146969544e+00
4.309698474820113923e-01,-2.914313521648785432e+00
-1.911224475567428138e+00,1.642330616040130309e+00
-2.380318487695597618e+00,1.106959020693607104e-01
-2.695997959889423257e+00,7.921133882179519012e-03
2.834277840421334460e+00,-5.380728619525799727e-01
5.774853270236670610e-01,2.786269708827620484e+00
-7.527089702289258000e-01,2.195212210540397280e+00
2.317902666064733275e+00,2.421205539121769335e-01
-2.890077053566779242e+00,6.532553409618797602e-01
-2.875343474421740986e-01,-2.917739659193387070e+00
-2.207916503067445468e+00,4.826423916921174229e-01
2.316335994573174517e+00,1.005940764147451733e-01
2.580666040482213930e+00,4.803730798964001014e-01
2.084480334595817830e+00,1.726219295979178447e+00
-8.252835528482309613e-01,2.241490135353209734e+00
-2.179544066419554227e+00,-1.462640457147901030e+00
-1.740056128672478719e+00,1.638319420926191317e+00
-2.523853312037717345e+00,-4.659912452338317856e-01
-2.162245752757292472e-01,2.959555035753656416e+00
2.853390074464417836e+00,-9.043660657851478879e-01
-5.112322085549760864e-01,-2.441600213196353231e+00
-1.707273546693918176e+00,-1.686669793063514167e+00
-1.913748636952983473e+00,2.276043286424157763e+00
-2.771230542227375082e+00,4.687580679521876070e-01
-2.344262914805048670e+00,-2.375898943246299855e-01
-2.353892468633130619e+00,-1.854426850691185180e+00
1.070517723550792333e-01,-2.938873062864160612e+00
1.048180413108733333e+00,2.628088550743664431e+00
2.541355042194659575e-01,-2.810955795854492401e+00
9.040798358047386074e-01,-2.204667822013352207e+00
-2.164578239009298244e+00,1.528327140012496033e+00
2.230434390071600603e+00,-9.404612869919373175e-01
-2.299061884499232100e+00,1.524042220105832346e+00
2.708372918322066170e-02,-2.705012867639679186e+00
-2.023223838196727797e+00,-1.082003469586132471e+00
7.262580621945589066e-01,-2.279854527478182291e+00
-2.385393682340075205e+00,-2.888770223760850908e-01
7.316753945739975507e-01,2.188639347260860735e+00
2.327461827009856599e+00,-2.045975909404711690e-01
-2.498713154917019175e+00,-2.498865757950625294e-02
-1.855751778717730227e+00,1.832798859239546774e+00
1.386534706185764243e+00,1.788502690358572345e+00
-2.081207104078229619e+00,2.149185872902965588e+00
-2.883919945292556797e+00,5.427706134810441618e-01
2.631429106174817178e+00,-4.416881294894894894e-02
2.476682112257008406e+00,-9.737604013523623037e-01
-2.720921276644215236e+00,1.552263796422018727e-01
-2.308356955080017592e+00,1.533903097009993999e-01
-2.793983357853992100e+00,8.104335278101341133e-01
-2.346608296008120487e+00,1.476777919606556244e+00
-1.577820208976850047e+00,-1.849949966688683167e+00
-1.314316494348621411e+00,-2.598647622173396066e+00
2.182313845534098462e+00,6.192288398196063026e-01
6.087203814830219883e-01,2.256022373740336651e+00
8.188613798785251419e-01,2.736845205791526237e+00
2.283619988353816410e+00,4.553790924000892248e-01
1.704180001108976050e+00,-2.156288726540671163e+00
-2.025151818456532915e+00,1.023012817251290452e+00
2.205478686400833332e+00,-9.530775281350704065e-01
2.949068959336655027e+00,3.091059762371026892e-02
-7.703262974745150871e-01,-2.535419976122976315e+00
-2.910841883971830413e+00,1.708634917685770971e-01
-9.550443050401655753e-01,2.597246841033751696e+00
-2.107428564918643055e+00,1.071440333490181640e+00
-1.204020128611025919e+00,2.352649943077613326e+00
-2.918793437957353021e+00,2.397829907337295507e-01
-2.716056993093978189e+00,1.095769801267885146e+00
-2.584666279481880657e+00,-1.044170468501952165e+00
-2.409448152083159211e+00,-1.190370744819156501e+00
-9.508906776579362230e-01,2.576721071080498415e+00
2.402959109845301811e-01,2.471986079848008000e+00
2.117851054365349484e-02,-2.843305247326042728e+00
2.687547582430608095e+00,-1.671143647068751015e-01
2.657083331176027130e+00,-7.625645523324840747e-02
-2.341355956753995660e+00,1.005615542864202849e+00
2.318599340578969326e+00,-2.245788861579805507e-01
-2.358194290392848558e+00,-3.884589315343548455e-01
-2.359908319775910090e+00,7.457761705435475563e-02
-1.577323646682216474e+00,-1.961517598989820588e+00
2.551735635571549921e+00,-1.240269602341407484e+00
-1.322455387646489511e+00,2.087187631498051310e+00
6.837162072691027603e-01,2.257453227898186476e+00
2.684109250350197762e+00,-5.118392698619191883e-01
9.469176007409263462e-02,2.488373747436838812e+00
-1.375334687039573067e+00,-2.641066186172297936e+00
-1.960578243172115265e+00,2.195077856931701099e+00
-1.859690256051719448e+00,-1.758547898475726790e+00
-2.872130189212909634e+00,-3.498278364205469337e-01
-2.577555056048186355e+00,-5.938263903109126662e-01
2.581689970484141838e+00,-1.158107609233257618e+00
-1.263249202254624004e+00,2.062506087641969188e+00
2.603676610902023292e+00,1.225650003837512658e+00
-8.112476786335669487e-01,-2.167939340406696225e+00
-1.180194737968873753e-01,-2.776275833787669622e+00
2.842086851784481283e+00,-3.014215623672483746e-01
-2.170772006069273896e+00,-1.462986412601077202e+00
9.801353477296679273e-01,2.184870183952314360e+00
-2.808026700040012091e+00,-5.791711019380589853e-01
2.285293434961623404e+00,2.770671967809367198e-01
-2.493004867974430105e+00,-2.432567832845602684e-01
7.001236962978243383e-01,-2.506341357231413269e+00
1.396886481158157167e+00,2.645605017820510163e+00
-1.803390475177581109e+00,-2.307151392101120635e+00
-1.817012003000145537e+00,-1.342645495831439106e+00
2.837977506516925708e+00,-9.476522841190313518e-01
2.387736554189155314e+00,6.975897126780072899e-02
-2.284361071583977498e+00,-1.306555408924195527e+00
2.021071654876767099e+00,2.017769990666123725e+00
1.470967120682953322e-01,2.598304412311935874e+00
-2.040203719316069808e+00,1.495901716509568269e+00
2.726285284504610829e+00,1.240874527913714775e+00
-2.721075803568044904e+00,-3.469059844067189369e-01
1.515738498833621328e+00,1.738943247774992207e+00
-6.644657568632483802e-01,2.455012517629701296e+00
9.092075639684646937e-01,-2.309561703908361796e+00
-2.019476678024456628e+00,-1.406474984451255184e+00
2.826746330763119097e+00,5.958207207547676632e-01
-1.038289202599784744e-01,-2.412558230359317601e+00
2.168017039361943787e+00,-1.720772160683981644e+00
-1.351011767412283016e+00,-2.401784196196818488e+00
1.831605322534663571e+00,-1.453814603646975678e+00
1.676912448209840534e+00,1.538649263532190448e+00
1.745694593128328975e+00,-1.549268293891069348e+00
2.680394396412214775e+00,-9.711577851336947731e-01
2.471863758688546575e+00,1.572388296531650242e+00
2.367452628261657921e+00,-2.097428405078816671e-01
-8.558218639578996090e-02,-2.648992364254047605e+00
3.546873560048413587e-01,2.354033886285385790e+00
-2.804656433153830175e+00,-1.206344780782479947e-01
-1.749801587572692441e+00,-1.781102938000921121e+00
2.638213646848085681e+00,1.361205846435700417e+00
-2.329372945669903050e+00,1.683716696230711296e+00
-2.927448565160267968e+00,1.730231784008774143e-01
-2.778321467871951000e+00,-4.076875102192895617e-01
-2.770544903765605138e+00,-5.259303458930278952e-01
2.754251268798184604e+00,1.052547033561159084e+00
4.746843576351755800e-02,2.272023788672808742e+00
-2.940696726878686995e+00,-2.345130782573314754e-01
2.528909756407348830e+00,-1.079126355083088740e+00
1.089520282522915551e+00,-2.187589895393094785e+00
2.148940646835520774e+00,-1.375881015048104006e+00
-2.832583420157937404e+00,-5.053174485229255941e-01
-4.711993715429922958e-01,2.744230771912301137e+00
-2.950644924424833615e+00,4.539185388216533945e-01
1.674665604052592016e-01,-2.290822453560456218e+00
2.657609211041821240e+00,-2.552151073905268852e-01
-2.545886674924879411e+00,7.198328215334273139e-01
1.276935882621242691e+00,-2.606588873529898098e+00
-2.423214002652195997e+00,-2.906145134368401384e-01
-1.597724392590334164e+00,-2.248780828185858116e+00
-2.603248141348902145e+00,-1.085513750677740807e+00
-4.675200683710132310e-01,2.611036760994417616e+00
2.363868193999384637e+00,1.136645227770690436e+00
2.891414607995653974e+00,6.555371662683783240e-01
-8.270878084837542943e-01,-2.179727318572891814e+00
-2.915028556721824593e+00,3.403532211075864233e-01
-2.341503697192472089e+00,-1.498801954814999171e-01
-1.873433338302515461e+00,-2.226830604517350043e+00
2.842393920125576123e+00,-2.988108676025833521e-01
1.958004243240732301e+00,-1.305941423198191620e+00
2.823064022455310962e+00,-4.066024776374266847e-01
-2.950970753516852785e+00,4.185116367349857591e-01
2.822011489940068785e+00,-1.068262984298721796e-01
6.981614264880269261e-01,2.383897911758690036e+00
3.018221501244831018e-01,2.891983774011247288e+00
2.548254789440106194e+00,2.495142472712679194e-01
2.147930702331469988e+00,-1.968032763899821402e+00
2.268306100149745319e+00,-1.441162511483252251e+00
2.561116729055479269e+00,-1.092291781438303522e+00
-2.921720821036357663e+00,-2.748897640142151655e-01
-2.238682505954018076e+00,1.912503589990481645e+00
1.695753764089031002e+00,-2.245030823299795308e+00
-2.965748158353854969e+00,-1.426762543253108639e-01
-2.716894336076054906e+00,5.291644985501356979e-01
-1.527347331249427453e+00,-1.848027390148721638e+00
6.856429386333307008e-02,-2.693557398203465958e+00
-1.273145643991644649e+00,2.240797973540685994e+00
2.674953149789878637e+00,5.643351771509342862e-01
2.542613044507174180e+00,7.400810277919234181e-01
-2.600044275993975251e+00,8.576915607852840795e-01
1.528601895708397329e+00,-2.479806022766646301e+00
2.517104579036280043e+00,-1.329071689467027584e+00
2.109875495638721787e+00,1.947701181514126967e+00
-2.898173929096420576e+00,-2.723809508470839136e-01
1.728195244895454508e+00,2.257565557800508937e+00
2.844939131306042590e+00,-2.545041300635512149e-01
2.927429723790892169e+00,5.866838859724333721e-01
1.983905100113627640e+00,-2.114822939849513084e+00
-2.175693457316455248e+00,-7.165346436113289030e-01
1.735971741769558818e+00,-2.062604929286140365e+00
2.289151821529658903e+00,-1.737177631696644520e+00
-2.689059933191232155e+00,4.886669248148041156e-01
-1.095333398604289465e+00,2.066058873288864284e+00
2.870024307278416842e+00,-4.656874394562290909e-01
-1.313812716267642733e+00,2.179593720679251501e+00
2.889420804543926913e+00,5.447037168943649199e-01
1.076256045433521713e+00,2.436461773153802746e+00
-2.603920607149249999e+00,1.361882432667679721e+00
2.528524730343225890e+00,-2.680631325380693486e-01
1.829860956305797259e+00,1.975687253983940073e+00
1.978450830664904458e+00,-1.878619931324861270e+00
2.986948098176892330e+00,1.964152569679564198e-01
1.066535483116056504e+00,-2.011666539964628964e+00
2.302434959650183188e+00,1.688447400637026474e-01
9.523485630769430443e-01,2.399067794325607572e+00
1.876568235813692809e+00,-1.913596244831744508e+00
2.623046322795466345e+00,-1.388541585772352649e+00
-1.380228181641425023e+00,1.831332928427547246e+00
-2.116807877998977183e+00,-1.875428288060196014e+00
-3.676944263944483815e-01,2.378283027501109537e+00
-2.585537258888042533e+00,6.602003713099241500e-01
-1.954347243161631331e+00,-1.605811973139958493e+00
-2.768575929914285361e+00,-7.919735515902232015e-01
-4.259321907412640940e-01,2.391900837585703599e+00
2.900146732114216697e+00,-2.768126050382105907e-01
1.312143080202515577e+00,2.301386017723221933e+00
4.914580581531726722e-01,2.664045454651803091e+00
1.526835703450926118e-01,-2.836836929857500689e+00
-2.960187422379949140e+00,-1.575377118454877601e-01
-2.971726793201076688e+00,-9.165848955299812917e-02
-2.830184138617833689e+00,-8.162496579216396153e-01
-2.407670679724945195e+00,8.043511583588417446e-01
-2.553053271443385341e+00,-8.661952738948558439e-01
2.433058280956343467e+00,-6.157655514448208134e-01
-2.597195973542552494e+00,-5.995463750464077313e-01
2.376821038664207464e-01,2.224340589225179965e+00
-1.675543895481520940e+00,1.992571059853636362e+00
2.289574615059582818e+00,7.962307809544114656e-01
2.394757014090455272e+00,1.298425169166566029e+00
-3.968732005307451516e-02,2.879538933516117893e+00
-7.135921038226493707e-01,-2.871458710630290678e+00
-2.945037065623409056e+00,1.740274036290295201e-01
2.401285238639100150e+00,-5.419648889875764430e-01
-1.844941755323553423e+00,-2.273386675905067822e+00
2.808310636101319702e+00,8.706243801166582141e-01
-1.789864840975649463e+00,2.155927284698455626e+00
2.891752643255628641e+00,-7.244924959167834411e-01
1.765700004126570022e+00,-2.032979844206281417e+00
-8.595261306425396874e-01,-2.688910911347653698e+00
2.084912819626230096e+00,1.489500747615652543e+00
-1.272931761763624881e+00,-2.672855946193199994e+00
1.799254679789956235e+00,1.374424904669958147e+00
-1.566417497342821319e+00,1.728084312850353133e+00
-2.675599991354109086e+00,-2.484388598832176498e-01
2.574461689740035197e+00,1.149998199518909692e+00
-2.282114015051667444e+00,9.266315023304847465e-01
6.853232750126889705e-01,-2.440716033920400818e+00
-2.813593556510694427e+00,-7.855959827573680276e-02
-2.200591152646816706e+00,-6.408335176093445940e-01
1.782711044652332433e+00,-2.158159257367174177e+00
-1.226016015462029429e+00,2.670557985937568546e+00
2.889605825873596601e+00,2.247416944080606604e-01
-2.433162692356995560e+00,-1.744337313454904725e+00
1.796821966905701728e-01,-2.596505313309630303e+00
2.927058627510090716e+00,-3.339504420332549683e-01
2.153751387200664169e+00,8.499560356695592400e-01
1.606178923657139102e+00,1.700747805305553140e+00
-2.459337841711693784e+00,7.129066834732193936e-01
-2.311755417408967617e+00,-1.780519393457502764e+00
2.056542878040547251e+00,2.030557628913372881e+00
-9.988468786299304902e-01,2.765113272898461094e+00
1.632734306100211974e+00,-2.145180848803255547e+00
2.693553489433972992e+00,-1.268931102828320556e+00
-2.767630380078655250e+00,-6.965662773416279041e-01
-2.162906479565495310e+00,1.786142339193617756e+00
2.944312546311511625e+00,2.751032693572692533e-01
1.180001566867297846e+00,2.602037261759797993e+00
2.390827163525001353e+00,-1.688935318374263694e+00
-2.216541019490879005e+00,1.732633293192916035e+00
2.706896609214163973e+00,5.942602766279595494e-01
2.431790366383711266e+00,-3.701803851745763541e-01
-2.342670203911636051e+00,1.578912612116834424e+00
2.538806195022536905e+00,-8.830374575792689917e-01
-1.385352176893706044e-01,-2.527561562083110225e+00
2.308042365315382760e+00,1.903596800056443383e+00
-2.715090262925125231e+00,-4.701907854780073004e-01
-2.582904722160803246e+00,-4.768582222159607475e-01
2.728365698707142073e+00,-1.127669812635823665e-01
-2.901784117667715712e+00,-1.988041890384856514e-01
-2.362091596930392168e+00,-6.732780253520012081e-01
2.397665123092481920e+00,-1.541129577583783439e+00
-1.451893397923104789e+00,-1.832605244811927880e+00
-2.120957243192597375e+00,1.608233823076070879e+00
-2.166886473743384833e+00,1.011567131137048436e+00
-2.704001608069745544e+00,8.627436907420792389e-01
2.490292325994875711e+00,-5.611189665699015672e-01
2.767184436856799046e+00,-1.946757567438274494e-01
-2.603564180968821251e+00,-1.647605871183154269e-01
-1.214864613904116597e+00,2.576634092590591063e+00
2.775674668864539285e+00,-1.494776940393945097e-01
2.112147999910620300e+00,-2.029196201682547773e+00
-1.772570751666773914e+00,-2.337233562429661848e+00
2.883980051482005535e+00,-2.286034217725481654e-01
-2.720143467728912690e+00,6.079039654072675436e-01
2.554669884736091134e+00,1.442621890488774650e+00
6.741958850854548047e-01,2.794848773917189888e+00
2.612956952657382814e+00,-4.255210287845451744e-01
1.678680159824101459e+00,-1.908946490662427831e+00
6.849952261619511873e-01,2.206010893757448077e+00
2.612827800160383518e+00,-7.393233236251695040e-02
2.470291724894516427e+00,1.531593703367100767e+00
-1.304116772275935032e+00,-2.132360303314921879e+00
2.673426424230360254e+00,7.159650075909979039e-01
1.270578175293555212e+00,1.991136010433559145e+00
1.539646623152011173e-01,2.513015042627787299e+00
-2.550075849821261453e+00,-1.014774124815143841e+00
1.444665437485794790e-01,-2.765552026681495690e+00
-1.362372581829429663e-01,-2.235051510266301555e+00
-2.626695235143235330e+00,1.174666976662734008e+00
-2.663704783559325939e+00,1.324800963085241090e+00
-9.837687562411430164e-01,-2.082741357624108502e+00
2.394518805608507606e+00,-7.887388749226708073e-01
5.051323329585741817e-01,-2.534958934994516078e+00
1.939030526098314056e+00,-1.195078390073973207e+00
-2.695090780177483936e+00,6.154275235298314328e-01
5.071243403486067614e-01,2.455643939297085687e+00
-2.439729628301073205e+00,-1.673574733421912875e+00
-1.154376312508876179e+00,2.222005988452631087e+00
-1.339671958427202547e+00,-2.572504461936643061e+00
-2.590360961514149629e+00,-1.059144504260105757e+00
1.904271376723253084e+00,2.129245432941905936e+00
1.743414182367528653e+00,-1.425799171366482154e+00
2.196663468871296487e+00,8.426602438886595658e-01
2.838829103955994526e+00,-5.855430272209163345e-01
-6.303668708277556654e-01,-2.734392700980259772e+00
1.121610399532638525e+00,2.467983946614762392e+00
1.571334144618547590e+00,-1.738954835928989917e+00
1.310685922005652593e+00,-2.424785921571873892e+00
-2.095902407333042561e+00,-1.840168586924971317e+00
-2.306143019881632839e+00,-1.364544534215248683e+00
-1.148084428393138179e+00,-2.578863228501795390e+00
2.524970563408371227e+00,-1.386161100716815087e+00
1.144865294486039353e+00,2.250762380760874315e+00
9.947341068427517641e-02,2.768883698768452195e+00
-2.712837149918020607e+00,-1.147154473482362880e+00
-2.216789775918839744e+00,-3.483547727223078039e-01
-2.887354016446590954e+00,-1.266503135842610150e-01
2.686623411549090790e+00,9.988598622863887888e-01
-2.204574114957599917e+00,1.095661955428579359e+00
-1.719701780353017462e+00,1.834408197544897368e+00
-1.969904892990803402e+00,-1.398287970743384401e+00
-2.666806218761701430e+00,-8.831440466304333325e-01
-2.176438111701211042e+00,1.395292533376115696e+00
-2.423100358275197763e+00,5.258473364185293208e-01
-8.358386422007697547e-01,-2.350958351633326338e+00
1.338726139347947708e+00,-2.049171834027095684e+00
2.663447939719866930e+00,-5.351027419732271584e-01
-2.991321212495205994e+00,-3.020892821776325113e-04
-2.363552583096920401e+00,1.401146975418771312e+00
1.835229012698432527e+00,-1.605087293983044949e+00
-4.933700201682591491e-01,-2.913261931378362757e+00
2.164321500313714175e+00,1.876870055714753738e+00
-2.622209227422491296e+00,3.372426198782684237e-01
-2.004993667689328518e+00,-1.773250918680968402e+00
-2.592380690356378636e+00,1.379603892662792930e+00
2.556125035308729032e+00,1.483621081141564879e+00
-2.737801622733416096e+00,9.366869909083781476e-01
-1.737708943582409127e+00,-2.377308917938615984e+00
-2.409826088509849029e+00,1.446942530303067631e+00
-1.996010107749611295e+00,-1.661465666389499329e+00
-2.167498645237282417e-01,2.411714128374696564e+00
2.873212144079777097e+00,6.191126092311139556e-02
2.817972573826542870e+00,5.212736363146556196e-01
-1.171513968135749595e+00,-2.362428077888797606e+00
-2.488620650123845923e+00,-2.595570512666745544e-01
1.926545380752262560e+00,1.728171780130564050e+00
2.890362074140203852e+00,4.970336939553429145e-01
2.823535214351196920e+00,-7.021797896961267105e-01
7.885376111498429985e-01,2.798880680416753641e+00
-2.541533439935461658e+00,5.301664089403216318e-01
-6.372361105048724994e-01,2.602039599209525988e+00
2.784107489443252703e+00,-8.491090061330437422e-01
2.234058467759982847e+00,1.552326769306151100e+00
-2.920390471210183581e+00,-5.320076990291684460e-01
-2.959191996794341861e+00,3.041289892635176129e-01
5.413599224828926637e-01,2.242344636166141658e+00
-9.989678062288094296e-01,2.786551460356145427e+00
-4.668785990171269162e-01,-2.901605350331797784e+00
-1.356537473905912172e-01,-2.361699350510070072e+00
1.829081960028705822e+00,-1.971514833617036944e+00
-2.845499194860537706e+00,-6.126098980851909515e-01
-2.882359324475086915e+00,6.465328216213334089e-01
-2.944260715452888810e+00,-2.288635001202288591e-02
2.373163345748370290e+00,-1.617903503440984325e+00
1.074352756582265478e+00,-2.665644556286837830e+00
-2.188834908424769576e+00,-1.539929677286464571e+00
-1.231579995703524277e+00,2.370412446485242963e+00
2.837704606386422412e+00,-2.133338760303241377e-01
-9.335887517041587813e-01,-2.661565296894425448e+00
-2.505834109992750136e+00,-1.416039689381614730e+00
2.269634714953267185e+00,-8.683668894126824744e-01
-2.409920629990446095e+00,5.892952666176799470e-01
-2.783618336328123721e+00,-8.296374350091016703e-02
-2.521246375517475435e+00,5.107429798758664763e-01
-1.910828396993657252e+00,2.249726162440604860e+00
-2.280469683929654323e+00,7.374160314191726684e-01
-2.002261886476973451e+00,1.498745278007663773e+00
2.073934560480291900e+00,1.076373767722020425e+00
-2.609552296855968123e+00,-9.510425609504493671e-01
-1.562787037852461092e+00,1.795567958667826147e+00
-2.438496480056424609e+00,-3.662097923192081383e-01
2.452404348031511638e+00,1.625551312610280963e+00
-1.246634408711570607e+00,-2.486619394129952365e+00
5.485503589495479559e-01,-2.199929997342645382e+00
-7.770240486768749122e-01,2.622089757373986529e+00
2.521872695073205328e+00,1.594807915049188951e-01
-8.290082934601201714e-01,2.792269518264572703e+00
-2.022773028756383873e-01,-2.266205065132164798e+00
-2.351544514663759244e+00,1.067338883384491899e+00
-1.532377117256476406e+00,-2.071279508414657577e+00
2.927487693056241902e+00,5.501883027116876157e-01
-1.295966086859791755e+00,2.570969224056921743e+00
2.955419387087502514e+00,-2.564011489391799237e-01
2.388214823861583014e+00,-7.706913730332729529e-01
2.284145115877570298e+00,1.548390089028717886e+00
2.412461550858761683e+00,7.984676700211927880e-01
-1.680313798867857811e+00,2.454712979909726034e+00
2.328124648677095898e+00,1.267162135159207725e+00
5.678256086187571938e-01,2.820805123222707156e+00
-2.490786362881497240e+00,1.873106459095142395e-01
5.124065745159676055e-01,2.940002575143528141e+00
8.476909699464538761e-01,2.528097672978156130e+00
-1.322835633846563663e+00,-2.428650048034171061e+00
-2.132782605553264599e+00,1.218889682696988830e+00
-1.212759083650201353e+00,2.369908637323276501e+00
4.872388953611794804e-02,-2.326950351759750291e+00
1.652228636377575555e+00,-1.907602939080266458e+00
2.644501621134303981e+00,-7.240490344383777588e-01
-1.697672118380119999e+00,-2.012944452555447850e+00
3.175523790017242831e-01,2.827313232327819836e+00
2.544217880313963676e+00,1.260208217524376950e+00
1.686410748457838338e+00,-2.456278513719955203e+00
2.338455333489130261e+00,-1.566649344353734596e+00
-2.597705295509364909e+00,1.150066381729689891e+00
2.292920496384726725e+00,-2.088250762721231835e-01
2.676566302727753310e+00,2.292147507446265775e-01
2.545507607001340489e+00,-1.501722479852307224e+00
-2.559980896909292092e+00,1.580502474878546226e-01
7.602601185341524292e-01,2.198259089762075735e+00
1.520093397735119645e+00,-2.378950785802655510e+00
-5.468710818755315728e-01,2.429729145957864045e+00
8.037793235251764479e-01,-2.463840156575658025e+00
-2.676105464398954581e+00,1.617172070226757796e-01
2.958370620803252748e+00,-3.115216081059158926e-01
-1.539028062447293621e+00,-1.722862802250476166e+00
-9.631513413396941559e-02,2.509752911637723738e+00
1.111826584928545358e+00,-2.734239645721692202e+00
-2.454029695432843994e+00,-1.084779519667329772e+00
1.211520762507479532e+00,2.071783677332329709e+00
-2.357750387706336159e+00,1.348965918683036502e+00
-2.591978316740966903e+00,3.698033499462188844e-01
-2.817679702438786293e+00,4.886082174523064259e-01
-9.792195910169660955e-01,2.450395960982791443e+00
1.663526983571370188e+00,2.478489272893779738e+00
-9.910218448634457999e-01,-2.389963679086378967e+00
1.061700797295523024e+00,2.242246322491843635e+00
-2.176753699835275224e+00,-5.259489619404174032e-01
2.884614952655992326e+00,-5.481182985445967049e-01
2.996742344480400888e+00,-3.141023933405175106e-02
1.576099477077928412e+00,2.057376480489371939e+00
-2.808267282089292216e+00,-1.037457630822351984e+00
-2.680263889498579744e+00,-1.269744512007786152e+00
-2.573568830933326002e+00,1.066388091472305399e+00
-2.755422939263818094e+00,1.164198270513977368e-01
-2.799488119309951006e+00,1.426379592419657338e-01
-1.372064556257174717e+00,1.786526548851135932e+00
2.775943379042269399e+00,-1.893989743408008852e-01
2.816170314264362595e+00,2.387375927964022204e-01
2.664473583994184658e+00,1.130269469784112246e+00
2.533853366252832195e+00,1.427330325540258904e-01
2.547087167411294040e+00,-1.194691208658946513e+00
-8.440549457300501324e-01,2.659617092206875810e+00
-2.228624546626268632e+00,-1.892771201024050498e-01
-2.795614073728135196e+00,4.190149832975380573e-01
-1.103592707906721149e+00,-2.498195838847686812e+00
2.893847825915038641e+00,5.258004157394530198e-01
1.209404387926081625e+00,2.614668278662715117e+00
-1.942142063867429158e+00,1.705885732174526437e+00
-1.878666345860229958e+00,-2.043955400020694313e+00
-4.830807033420043695e-01,-2.687022731280504395e+00
-2.797224130452285351e+00,-3.400236735078200345e-01
2.378547069688132787e+00,1.403298504410319669e+00
-2.873216231142826427e+00,-5.119121720525378061e-01
2.947019394071072718e+00,-8.559343397527828523e-02
2.200891703819458201e+00,1.095117751081518209e+00
-1.979236970636963688e+00,-1.776806158234027766e+00
2.278648382650192872e+00,-2.251069667016965259e-01
-1.916494650749469564e+00,2.141165631312654138e+00
-2.600426953083103676e+00,5.357860295406733364e-01
-1.505154118528679197e+00,-2.322247574746553411e+00
2.909081858779956953e+00,1.695451500500362862e-01
-2.814052080461360461e+00,-8.970206008897518846e-01
1.302530088572648737e-01,2.465705615752518565e+00
1.986315663664208309e+00,1.946244852322877250e+00
1.900436682729509386e+00,1.462454336901543694e+00
-1.047409403674874895e-01,-2.235166511824431712e+00
2.750192587065017236e+00,1.690049387669084399e-02
2.336072367719724596e+00,-1.162632271917359184e+00
-1.857275812061141451e+00,2.115448462521701600e+00
-2.215046179149323891e+00,-1.549505783658462033e+00
-2.960427977177005232e+00,-1.227163730112532797e-01
-1.126178078382828351e+00,-2.271424148924077624e+00
1.794573703528943298e+00,-2.228669825237688418e+00
2.137062205331670128e+00,1.061983263067300731e+00
-1.380768268697141865e+00,1.824149032218136623e+00
-2.262596071151767418e+00,1.333998254737990941e+00
2.197530723098717331e+00,-1.729574919313169534e+00
2.537275101908171848e+00,1.949032961074627923e-01
9.411372919536864501e-01,-2.506466770977896719e+00
-2.871879643327501341e+00,6.617566949835451684e-01
2.466015349616235142e+00,1.134350285380693046e+00
2.743559268486452041e+00,-1.457379362824949287e-01
-6.207151340625296498e-01,-2.370851591482665999e+00
-1.888971946952177072e+00,1.904026355513484869e+00
1.884925145045246886e+00,-1.947026076304629649e+00
1.486415701727148431e+00,-2.037156892143799691e+00
-2.446697460342046604e+00,-1.056153498472163443e+00
2.716260450500066703e+00,-4.149211433574711561e-01
-2.990620609089947202e+00,1.117538976381443200e-01
-2.037633751064905852e+00,-1.453014041381383459e+00
-2.248745127997548998e+00,-9.117365435138266028e-01
-2.722533755875025108e+00,-7.531252175615756883e-01
2.345844325058612512e-01,-2.708259236943691750e+00
-2.374614663126091596e+00,9.671582929019170161e-01
2.347025195464107483e+00,-8.649962984723582604e-01
2.819241468918306737e+00,7.231168896189248407e-01
2.362228775364592082e+00,1.035695840393969114e+00
-8.226330020468113347e-01,-2.305547850767492690e+00
2.266934358369415925e+00,-1.342841636236662972e-01
2.665334695870615889e+00,8.084657575477723901e-01
2.849179182089142337e+00,9.015599867509810350e-02
-1.582401051725180530e+00,-2.272516079346872608e+00
-2.380742571489144588e+00,-1.030253773465572009e-01
2.999531527622636418e+00,9.305501518987227202e-03
2.236132143614254275e+00,3.388532671470124713e-01
2.539945606485934704e+00,7.312355575968911836e-01
-2.596451478899127530e+00,-1.144268205772420499e+00
-2.904285355591172291e+00,5.187116497990179598e-01
-2.425816973801904197e+00,-7.561796394475978067e-01
-2.867519514222912846e+00,-5.290504249108305412e-01
2.373966207844624421e+00,-4.216047312372800393e-01
2.659152724546961721e+00,5.966639919169816064e-01
-2.892156381597681847e+00,-3.238705174826051469e-01
2.683421980534545170e+00,-4.706376930453795016e-01
-2.540377816492173757e+00,9.086786552564035668e-01
2.984518580064995597e+00,1.386844300719286549e-01
-1.787140964075833116e+00,1.699523411538645945e+00
-2.293841552730840228e+00,1.761699460155396135e+00
-1.697836596451740565e+00,2.116232822220814658e+00
-2.452113945353430857e+00,1.453632764439618086e+00
-2.163860585998887309e+00,-1.462667314205510660e+00
1.713844838152685846e+00,-1.632370116409135097e+00
-2.391803614905818165e+00,1.382272528078993590e+00
2.740450805296870129e-01,-2.891537136955469212e+00
2.115805359425600329e+00,1.715492943751104393e+00
-2.755806387767298027e+00,4.912987438749313318e-01
2.605037135549901350e+00,-2.588109117784035407e-01
-1.009386032006706069e+00,-2.161599541039283867e+00
-2.433329711106505755e+00,-1.181209130826389009e+00
-2.391894571834558114e+00,1.146213638006186919e+00
2.118987451552584389e+00,-1.382728048665485598e+00
-2.916691584710395801e-02,-2.781467122439298389e+00
-1.376247062837596680e+00,-2.223172034696442090e+00
1.124068958403757534e+00,2.251242452932354254e+00
1.771793244606330475e+00,2.012414299069028800e+00
2.541833250263380251e+00,1.480302748283616632e+00
2.740768140865698754e+00,8.361809699079471025e-01
-2.835351381393089731e+00,-2.099906998000803660e-01
2.107017658491106893e+00,1.636706197713252209e+00
-2.260473699361878808e+00,-3.303049539138336876e-01
2.564141711296006321e+00,3.974478600544270601e-02
2.139443040596235690e+00,-1.445211432820860065e+00
-2.738090545825100364e+00,-1.147234593579927076e+00
2.888160252113355142e+00,5.563589814804593692e-01
2.110900028556392805e+00,1.620877651959522714e+00
1.583782736273875891e+00,1.621747542486679405e+00
-2.636113651542878245e+00,-1.897820270810753607e-01
-2.806845786441245050e+00,2.178395703132113836e-01
-2.531675602894285504e+00,-2.871432202798910871e-01
-2.764137048490090010e+00,-1.013682516543577661e+00
-4.022393657096330344e-01,2.887987555036273690e+00
1.884544621108194207e+00,-2.172400037399629280e+00
-8.306937748564591217e-02,2.918057370641597981e+00
-2.995515593355280615e+00,2.166447035424291095e-02
-2.747245460781909898e+00,7.369129390895370335e-01
2.364328623862189005e+00,3.789235431338924820e-01
-2.084212916150268935e+00,-1.658189906527205881e+00
1.792754164922317983e+00,1.841305296258713309e+00
-2.667912223530882088e+00,-1.101208479612444668e-01
2.130816892163508669e+00,-1.645937830386190681e+00
-2.815459099007012966e+00,-3.004767964870276309e-01
-2.261684580426278846e+00,-6.112871323757721465e-01
-1.603025244764747947e+00,-1.765022165964760470e+00
-1.931431248557121672e+00,2.077900760143073899e+00
-2.560671202569137161e+00,6.455181932851675741e-01
-2.666996983316052727e+00,-9.969873638145384520e-01
-1.302589079499741676e+00,-1.843575850451161680e+00
-1.024857955568771128e+00,1.987800578803988527e+00
9.704949865465275494e-01,-2.662298997774621867e+00
-2.568674021368857918e+00,-7.917067186626578490e-01
-3.052622434006826424e-01,2.492601072117605732e+00
2.464355857830927476e+00,1.346056832109762569e+00
2.729349475964026439e+00,9.904261606722605249e-01
-1.731577988343516283e+00,-2.089884869965344727e+00
2.450153192506699718e+00,-3.106811234584889170e-01
2.379051435900273681e+00,-5.990356361402987551e-01
1.227209029048898614e+00,-1.948301898026545853e+00
-2.146852876300723967e+00,1.080971958625878804e+00
-2.224020553514612253e+00,-4.935114436194207865e-01
9.473628398271198847e-01,-2.245128140331270838e+00
-1.079986765036182073e+00,-2.250005763464137942e+00
-1.546062369379789025e+00,1.979261865997370862e+00
2.543024796098593221e+00,7.836713532154615525e-01
2.918333186398478496e+00,-6.707527912918558322e-01
-4.673827951165163697e-01,-2.365424584876352210e+00
-2.448666831348044415e+00,-1.586242892131550786e+00
2.741861041052517933e+00,2.733601290649974036e-01
2.515259491945566417e+00,-1.551289969739883201e+00
2.755262438036749195e+00,-9.220957029540456373e-01
2.479504794005144674e+00,-2.972611895430463669e-01
-1.730435408428737665e+00,1.973087396954455341e+00
2.205951981175076071e+00,-1.226560761980211689e+00
2.269248684140849903e+00,-1.108144368111272593e+00
5.432225210321934838e-01,-2.413791277963702520e+00
2.340877589489132049e+00,2.779149151382711569e-01
-2.260002750542153827e+00,3.533860009452936823e-02
1.028342153011562843e+00,2.337224530212705709e+00
1.249165523007370382e+00,-2.077525930869339899e+00
-1.423228067437829480e-01,-2.244880343181785420e+00
-2.503247402929005716e+00,-5.170391363420158148e-01
2.188489896522019862e+00,-1.283850987783751396e+00
1.098807419718151657e+00,2.350102920468573497e+00
-2.063810480492739075e+00,-1.773746387808326608e+00
2.363190008537634945e+00,-1.066456552011173953e+00
-5.572702322676930109e-01,2.528476026903425211e+00
2.221982193087238322e+00,1.077177688095301678e+00
-2.044623794276948736e+00,1.404015717108293204e+00
7.798086182881425188e-02,2.696446884850994152e+00
-2.726999743070013693e+00,-5.675357753448879716e-01
-2.440112758204836307e+00,-7.771690625893000748e-01
-2.499828483860548900e+00,1.335481018961511168e+00
-2.245983423027578141e+00,1.341153932156556872e+00
1.261702019434319588e+00,-1.861046827851660312e+00
-2.301835395131914375e+00,-1.340269052153230112e+00
-2.806812005585692216e+00,3.559941788822719722e-01
-9.368572987918568629e-01,-2.057376218612091190e+00
2.858250420779851808e+00,4.016901798736211004e-01
2.324239419642895044e+00,-1.029472933434191217e+00
-1.654734251236149589e+00,-1.987847722055336774e+00
-2.107786873806198003e+00,8.631381089968166442e-01
-2.821216310444980557e+00,-6.439385830861181770e-01
2.937691734874684713e+00,5.753484191514208757e-01
5.186538733362522358e-01,2.451481019920665805e+00
-2.325403080047960369e+00,-1.298731454164197663e+00
-1.861250159875067700e+00,-1.501185609567343926e+00
1.904042370046118648e+00,1.432068771881364944e+00
1.639439996748611961e+00,1.876145786649961789e+00
-2.644272342119300845e+00,3.420352590940719528e-01
-2.869403731675127300e+00,-6.109004031592587536e-01
-2.166948968131054087e+00,-1.574629559314115301e+00
1.709098418950921072e+00,-2.429962363142127213e+00
-1.479665903117089787e+00,-2.163040804840158593e+00
-1.557707967314483133e+00,1.853377964574147718e+00
8.843801825728823118e-01,2.167423519672840637e+00
-2.769475767465854776e+00,8.238761696158152237e-01
2.746418660916153165e+00,-3.140730815081387017e-02
2.032604240717185817e+00,1.605892958533766457e+00
1.832543004636321804e+00,2.196387057210993365e+00
-2.300014489265396644e+00,5.903508656605177540e-01
1.402562433658103735e+00,2.573862890085703015e+00
-1.598021643812356229e+00,2.480826931085188480e+00
2.805926273397031601e+00,9.198523573438567302e-01
-1.224285135764357380e+00,-2.391296763902808653e+00
1.873000746773215930e+00,-2.248916895981377895e+00
1.979214277290047619e+00,-1.432289816313818909e+00
-9.670386260266283784e-03,-2.254195034481422777e+00
-2.435221262699553968e+00,-4.855343362725306755e-01
8.796796399817083945e-01,-2.275040780676814478e+00
1.508419716882633210e+00,-2.474161141849330114e+00
1.366219937006898810e+00,-2.487896343720406467e+00
2.985898761765188425e+00,2.740207570394173064e-01
-2.481610901235790756e+00,9.144990228008336164e-01
-4.474138408377257292e-01,-2.260978699560014515e+00
1.014905424830150338e-01,2.373958497689078850e+00
1.951767088175359710e+00,2.262326901631876552e+00
1.474482874259677168e+00,-2.124954871608357720e+00
-2.527166549001514717e+00,1.581253903903023783e+00
-2.257684092762714201e+00,-9.493894227289538523e-02
-1.458664931850423674e+00,-1.772299239971781848e+00
-8.387421284555687251e-01,2.583919539331341220e+00
-1.937282003852446977e+00,1.233953528502536701e+00
2.710419124445785144e+00,5.679706546463694217e-01
-2.398721105551720356e+00,8.257644719010147627e-01
-2.903408724183996092e+00,9.482827226322237957e-02
8.517895265898123291e-01,-2.333531723429032922e+00
1.902307411858244812e+00,1.788742956059522271e+00
-2.535233237094899117e+00,1.305876340106438604e+00
1.891529412623722983e+00,1.957837729092581247e+00
2.395075331561141496e+00,1.630373973539088306e+00
9.407056108082825219e-01,2.076502733541456092e+00
2.312658215806921547e+00,-1.803759835057624938e+00
-2.816592223559642783e+00,1.073622315085425855e-01
2.944139115584523125e+00,4.372984512324736839e-01
-7.176123200721660211e-01,2.230274675467367462e+00
-7.184399240464309777e-01,-2.870570941473966187e+00
-2.350925320581206179e+00,6.045006876162540843e-01
-2.709091450228692466e+00,1.273189450271326795e+00
2.026030268043565563e+00,-2.189353435975793349e+00
-2.085830870391589098e+00,-1.861512332707974116e+00
2.612001388896658227e+00,1.049949328476000643e+00
2.659192091621950027e+00,-9.201916877930874650e-01
-9.869533732898938538e-01,2.455935497547711233e+00
2.074370663184311070e+00,-9.716766116625584759e-01
-1.089882296503815517e+00,-2.213108832346860400e+00
-2.703103411440332948e+00,5.202444838883284461e-01
-2.304947100276079297e+00,6.993654639722909350e-01
1.446012584123590017e+00,1.894331644954108329e+00
1.859226316684925884e+00,1.472446663089639562e+00
2.794404381527378689e+00,1.017347632720285500e+00
-1.428945252449991044e+00,2.579404244296206627e+00
1.868314097388763528e+00,-1.379183150504006194e+00
7.472753866400116962e-01,2.788975457668977143e+00
-1.340308831361481046e+00,2.097005684791868774e+00
-2.494348602104455637e+00,7.027168084922535973e-01
7.672867810972863190e-01,2.710817321252083190e+00
-2.845059106618038847e+00,4.600299381028903900e-01